0.000000000000000000e+00;4.900000000000000000e+01;1.260000000000000000e+02;2.020000000000000000e+02;2.790000000000000000e+02;3.700000000000000000e+02;5.030000000000000000e+02;1.000000000000000000e+03
-1.987500000000000000e+01;0.000000000000000000e+00;0.000000000000000000e+00;0.000000000000000000e+00;0.000000000000000000e+00;0.000000000000000000e+00;0.000000000000000000e+00;0.000000000000000000e+00
-1.962500000000000000e+01;1.709426171346264202e-12;6.251584654460731763e-13;3.010762591294353772e-13;1.682996742691098589e-13;1.016785701055639723e-13;5.080744196936623382e-14;8.876542281155768055e-15
-1.937500000000000000e+01;3.686416421236740908e-12;1.408837982387091956e-12;7.248356346602389498e-13;4.148460261355431566e-13;2.538810296293281229e-13;1.319227956109038211e-13;2.453737072873919877e-14
-1.912500000000000000e+01;5.975631621384917178e-12;2.374803113795990594e-12;1.287272445992095491e-12;7.594416462707869563e-13;4.734598012677988532e-13;2.529674664929300949e-13;4.933408644080521792e-14
-1.887500000000000000e+01;9.312472682496836170e-12;3.554432121907021689e-12;1.921624525627559708e-12;1.142594276794350159e-12;7.219115981305748603e-13;3.976368095352484075e-13;8.189760420434830766e-14
-1.862500000000000000e+01;1.314323847914196512e-11;4.868334788898724100e-12;2.636992006959585460e-12;1.590417988650014152e-12;1.023749561944167652e-12;5.799251738857428574e-13;1.259526645290890430e-13
-1.837500000000000000e+01;1.879245615728339464e-11;6.864469361484217126e-12;3.474221952231030137e-12;2.118683767046602848e-12;1.331063871841473435e-12;7.741907751643066242e-13;1.786414263231994606e-13
-1.812500000000000000e+01;2.514973612650303606e-11;9.047830015809652460e-12;4.393054331467214905e-12;2.698982226923608463e-12;1.679461105767523509e-12;9.998465843331384945e-13;2.443400801220126064e-13
-1.787500000000000000e+01;3.424424535227920506e-11;1.235704560386848181e-11;5.591471113585966207e-12;3.404155883756660332e-12;2.038109716720468873e-12;1.227710204674939409e-12;3.185309219868606115e-13
-1.762500000000000000e+01;4.436524588518074576e-11;1.593596225280341119e-11;6.907040952785338220e-12;4.172791672500979319e-12;2.438484173495303448e-12;1.482354814506394421e-12;4.061826233008221784e-13
-1.737500000000000000e+01;5.837375244228925572e-11;2.143624118878687274e-11;8.745604203745465145e-12;5.158668271320555317e-12;2.883882680419537887e-12;1.738345074845261633e-12;5.004568225487819806e-13
-1.712500000000000000e+01;7.385774064396455770e-11;2.732326840196894072e-11;1.075519529905102731e-11;6.236388772985613609e-12;3.384525140948779253e-12;2.022955050330937742e-12;6.081112314813051495e-13
-1.687500000000000000e+01;9.533094965599875826e-11;3.597392940595477592e-11;1.351791930660712758e-11;7.636828571829164145e-12;3.960956412468723915e-12;2.330998789565358282e-12;7.209673122146034734e-13
-1.662500000000000000e+01;1.189121250653007250e-10;4.518313198994944970e-11;1.652725097768504164e-11;9.171449785488729264e-12;4.617430459109748066e-12;2.677608750812281691e-12;8.469098461574658385e-13
-1.637500000000000000e+01;1.515269093929912198e-10;5.828058623177812110e-11;2.060335187415883055e-11;1.117885201239336289e-11;5.424388679720845888e-12;3.059194051636392189e-12;9.765551939533077905e-13
-1.612500000000000000e+01;1.871371388687076401e-10;7.217009430438915034e-11;2.503278738721081163e-11;1.338044240108453885e-11;6.347895399121118390e-12;3.496474620256066467e-12;1.119840658340471986e-12
-1.587500000000000000e+01;2.358266219989937637e-10;9.173075766646184320e-11;3.105388624318054665e-11;1.632795378111602065e-11;7.490565443988464755e-12;3.990635338050309552e-12;1.269924055701355519e-12
-1.562500000000000000e+01;2.887898270564607918e-10;1.124118418784214521e-10;3.757966346893473191e-11;1.955485995771818855e-11;8.801750552547165823e-12;4.566570536368838495e-12;1.436325686371008459e-12
-1.537500000000000000e+01;3.599028397489757617e-10;1.412864156933058402e-10;4.653546867817847126e-11;2.384031796618934587e-11;1.042707182603061712e-11;5.226638029206058018e-12;1.611037781500250914e-12
-1.512500000000000000e+01;4.371088123125838658e-10;1.717394680226852436e-10;5.620811240711392277e-11;2.852503210516706334e-11;1.229479872705768341e-11;6.011596820208444560e-12;1.808358588705328343e-12
-1.487500000000000000e+01;5.455400840351444040e-10;2.138250308013355742e-10;6.948480577566199798e-11;3.471586336433315521e-11;1.460082863940825450e-11;6.926397867215320493e-12;2.016160866519184422e-12
-1.462500000000000000e+01;6.649768482047409053e-10;2.582943493982943834e-10;8.380537518470592015e-11;4.148547327873412796e-11;1.725922225987571148e-11;8.046954152828547467e-12;2.258219494478591786e-12
-1.437500000000000000e+01;8.198947579801852686e-10;3.192424579094609829e-10;1.033871773997807037e-10;5.049581423306555048e-11;2.055465628617394008e-11;9.370272902727818583e-12;2.521019991551265369e-12
-1.412500000000000000e+01;9.856134694525832661e-10;3.839631782181741572e-10;1.247219369421738037e-10;6.046865745366109926e-11;2.442092157982616369e-11;1.101617775345760520e-11;2.847752648012418852e-12
-1.387500000000000000e+01;1.202310208264130943e-09;4.718313001947116098e-10;1.536999991662649082e-10;7.392015752459041768e-11;2.939695352009805810e-11;1.300858095028614354e-11;3.235923702334848469e-12
-1.362500000000000000e+01;1.435070640936745902e-09;5.642401626117072858e-10;1.850966819928829348e-10;8.884002157904407696e-11;3.530559827487212784e-11;1.553164180831260422e-11;3.773179822851053212e-12
-1.337500000000000000e+01;1.741423990553582312e-09;6.883619456580323813e-10;2.268738758443701318e-10;1.085818475345753725e-10;4.296350794928108008e-11;1.861447382645746733e-11;4.499670585816875555e-12
-1.312500000000000000e+01;2.072136380819279637e-09;8.184842335111043617e-10;2.715847565036646266e-10;1.301504594408078032e-10;5.189964379833393965e-11;2.249290261387388026e-11;5.599667916000877673e-12
-1.287500000000000000e+01;2.507877482642626754e-09;9.931490356520860920e-10;3.305199830896807082e-10;1.581878658607803793e-10;6.314255373855689036e-11;2.731181487360629327e-11;7.223168521213470648e-12
-1.262500000000000000e+01;2.978085688227210946e-09;1.176403184786254682e-09;3.934307779536749150e-10;1.885177925208498120e-10;7.599197515145322579e-11;3.337244986580192280e-11;9.751628607206922683e-12
-1.237500000000000000e+01;3.598228939353947669e-09;1.422511081436974578e-09;4.764552237420125106e-10;2.279828331162359088e-10;9.206836996262852378e-11;4.134390028345045747e-11;1.361013501802894343e-11
-1.212500000000000000e+01;4.267866046477129639e-09;1.681341281706988752e-09;5.651792980800902139e-10;2.707540508703147928e-10;1.108860532541920535e-10;5.237658720210596819e-11;1.947327931723661633e-11
-1.187500000000000000e+01;5.165071603824551375e-09;2.029994285673969287e-09;6.849232271679445802e-10;3.295014295403045183e-10;1.373989168109137500e-10;6.934590150302900702e-11;2.849250236965518961e-11
-1.162500000000000000e+01;6.133979470208285179e-09;2.406732332926259219e-09;8.144922791682890947e-10;3.967735957254705922e-10;1.741259782730454851e-10;9.628198110600622214e-11;4.146775854507416548e-11
-1.137500000000000000e+01;7.571353780884781545e-09;2.924909965803163148e-09;1.035898888522505425e-09;5.412072512853948186e-10;2.548745946478625611e-10;1.473024507185556457e-10;6.195338363294337744e-11
-1.112500000000000000e+01;9.128806885374951991e-09;3.538978518661426284e-09;1.304508858937289805e-09;7.367591088529960141e-10;3.790627258828527341e-10;2.279304244518578988e-10;8.928291101396643518e-11
-1.087500000000000000e+01;1.151887650365780007e-08;4.491949169581577932e-09;1.981819917978165176e-09;1.277717654228570540e-09;6.980999198298389741e-10;4.050536021423005122e-10;1.358435219245980381e-10
-1.062500000000000000e+01;1.426797202991008345e-08;5.959269696566595526e-09;2.997017224397909295e-09;2.054129863803820255e-09;1.160114971732034571e-09;6.531121889639813742e-10;1.929923891543510751e-10
-1.037500000000000000e+01;1.904598777296410464e-08;9.015291038265064227e-09;5.229944797057051973e-09;3.657400572231738319e-09;2.080688609919246482e-09;1.126756327677854557e-09;2.889431953029181436e-10
-1.012500000000000000e+01;2.920560444234421256e-08;1.466719784047316496e-08;8.788525104031469170e-09;5.962052696904641484e-09;3.339017071770102292e-09;1.733857933439036824e-09;4.003462733036958783e-10
-9.875000000000000000e+00;5.444946106943650335e-08;2.493473519215057172e-08;1.471792147773797696e-08;9.545832584314980866e-09;5.246738860609158041e-09;2.647352145187140830e-09;5.705404955831379395e-10
-9.625000000000000000e+00;7.949191186954134182e-08;3.570288720406926134e-08;2.101983128158321718e-08;1.337174760453786437e-08;7.302040135586338319e-09;3.645474533809662970e-09;7.611873880667801536e-10
-9.375000000000000000e+00;9.885483016379355309e-08;4.518241797899316743e-08;2.680307096540127961e-08;1.699130395848961256e-08;9.318638692156591943e-09;4.683522478560734126e-09;9.851624201467624828e-10
-9.125000000000000000e+00;1.151327800338691802e-07;5.336592853143024435e-08;3.202497922674599561e-08;2.043710692223371055e-08;1.133838713192185407e-08;5.789756034798460224e-09;1.248554574208965325e-09
-8.875000000000000000e+00;1.341533305522839869e-07;6.153587084273608891e-08;3.746352159421060610e-08;2.416912744086910195e-08;1.359383092026041088e-08;7.093905008556541565e-09;1.604765694457381910e-09
-8.625000000000000000e+00;1.540294942434518284e-07;6.919131713394919383e-08;4.253908660890447928e-08;2.776058181200609176e-08;1.584198783603231167e-08;8.461549709707619939e-09;2.033576449702140976e-09
-8.375000000000000000e+00;1.806246659567988287e-07;7.815498043570081191e-08;4.843811829992999705e-08;3.193880317017266364e-08;1.844601340396402106e-08;1.008439898250801456e-08;2.636388968974208354e-09
-8.125000000000000000e+00;2.087886165109585843e-07;8.761824219021919666e-08;5.422691681505438248e-08;3.605989401829468008e-08;2.104911063897811459e-08;1.175889199919005942e-08;3.413121524920564985e-09
-7.875000000000000000e+00;2.470797685934662942e-07;9.956519361297986739e-08;6.155912784782779468e-08;4.120383447222168495e-08;2.422745735484370682e-08;1.381947499961738470e-08;4.611928118476652724e-09
-7.625000000000000000e+00;2.877374236869454442e-07;1.125419376329968926e-07;6.895673053323819666e-08;4.641142759683397792e-08;2.749330631618269361e-08;1.602569460975950630e-08;6.388589756336882694e-09
-7.375000000000000000e+00;3.432236598983353082e-07;1.293582831115009888e-07;7.883693834449821908e-08;5.333111175781389676e-08;3.182254918495159450e-08;1.908115121467035173e-08;9.352925475261948338e-09
-7.125000000000000000e+00;4.022737948616708545e-07;1.478296614624355286e-07;8.926989333478835655e-08;6.060811399705403174e-08;3.662614723296293613e-08;2.299678125435586161e-08;1.411644070629447918e-08
-6.875000000000000000e+00;4.830911306197350336e-07;1.723718740745463335e-07;1.039033332649529557e-07;7.115545307287154780e-08;4.402784257709717047e-08;2.943425568876012542e-08;2.218055561325743131e-08
-6.625000000000000000e+00;5.698887754341179178e-07;2.003642426684505138e-07;1.203883310167279895e-07;8.363697038820668112e-08;5.428067076828490510e-08;3.932259053688460320e-08;3.531947995180752541e-08
-6.375000000000000000e+00;6.901712592718185966e-07;2.398426147580835443e-07;1.465482668459944668e-07;1.051081138381477340e-07;7.257769116025186454e-08;5.703943101196655772e-08;5.704787609814277198e-08
-6.125000000000000000e+00;8.250264177904437838e-07;2.917019888468737149e-07;1.847447089335490816e-07;1.383398172272477740e-07;1.025576456590156082e-07;8.688147972705352223e-08;9.184572894359296285e-08
-5.875000000000000000e+00;1.023794060406104753e-06;3.798784638069009702e-07;2.572037738662652292e-07;2.011467291786360895e-07;1.576378889999516326e-07;1.397476694508452824e-07;1.476797022705871505e-07
-5.625000000000000000e+00;1.274367172328964681e-06;5.377609293425806764e-07;3.856137944363259627e-07;3.083419841632937287e-07;2.508982266908387222e-07;2.285384172365293534e-07;2.349335038618666133e-07
-5.375000000000000000e+00;1.746792301346861126e-06;8.570028745661325300e-07;6.325580313466331975e-07;5.072459384628916222e-07;4.187513555150950879e-07;3.826530541023761237e-07;3.718342914594198342e-07
-5.125000000000000000e+00;2.686795342716888547e-06;1.429632544295253809e-06;1.052976548265463270e-06;8.382658682688052121e-07;6.976451555275592289e-07;6.366926851604570689e-07;5.827201557845427731e-07
-4.875000000000000000e+00;4.521783909693336729e-06;2.467403607778324533e-06;1.804506016320521136e-06;1.424419057578452206e-06;1.186027340073388442e-06;1.069994030549178121e-06;9.123034769818479217e-07
-4.625000000000000000e+00;7.160776545814329908e-06;4.121670986261393796e-06;3.028518218611013262e-06;2.386422788866805879e-06;1.992537148991959071e-06;1.775786025430737034e-06;1.428239520825888823e-06
-4.375000000000000000e+00;1.124469355444008127e-05;6.931026607308975450e-06;5.126195057627466238e-06;4.024777161162628251e-06;3.353696596669341218e-06;2.934175167230993533e-06;2.250946475975354674e-06
-4.125000000000000000e+00;1.795649086118267931e-05;1.178879916470043403e-05;8.700542338061451411e-06;6.776295718170332139e-06;5.609424690330560132e-06;4.797996463547248542e-06;3.569189384266101424e-06
-3.875000000000000000e+00;2.989724221350777375e-05;2.028774499511239155e-05;1.485301927519000692e-05;1.141800940875754733e-05;9.334925022825629808e-06;7.778663647348615581e-06;5.701654779727509342e-06
-3.625000000000000000e+00;5.061686846697875631e-05;3.475684005888910686e-05;2.513246686889748733e-05;1.902708373719088998e-05;1.531948403625604677e-05;1.244999324338526316e-05;9.138275466380511736e-06
-3.375000000000000000e+00;8.643718984290825220e-05;5.903098598955974920e-05;4.213767294113625263e-05;3.137135171668764316e-05;2.481896628192089069e-05;1.975805081394981866e-05;1.467268553776706254e-05
-3.125000000000000000e+00;1.463403766617908533e-04;9.851632419327182710e-05;6.940474780591367014e-05;5.078835405813849561e-05;3.953065553443206457e-05;3.110980409073577102e-05;2.346551980870377756e-05
-2.875000000000000000e+00;2.453082014514177929e-04;1.615239006931262343e-04;1.123001461268563212e-04;8.083834705381555061e-05;6.216230656816464496e-05;4.894980693200585585e-05;3.724365840387527948e-05
-2.625000000000000000e+00;4.039869673332267081e-04;2.592270633124156435e-04;1.777598162768494346e-04;1.262510356581424218e-04;9.676460620278467650e-05;7.723717165938331496e-05;5.839013318028036354e-05
-2.375000000000000000e+00;6.549064984189010077e-04;4.078003929863636035e-04;2.758164893129973097e-04;1.948268953473749840e-04;1.507435685502876905e-04;1.230042819064486141e-04;9.019858796997768410e-05
-2.125000000000000000e+00;1.041579766327752066e-03;6.278057465857213564e-04;4.203247951766143019e-04;2.994491492273336952e-04;2.369479634906174691e-04;1.977113883005656293e-04;1.369231853991459630e-04
-1.875000000000000000e+00;1.630543632217189547e-03;9.483428390088071130e-04;6.374220584538941876e-04;4.663332885356337356e-04;3.794958223036815114e-04;3.202563927492852337e-04;2.040736103457382877e-04
-1.625000000000000000e+00;2.505587434869756616e-03;1.415666234417341761e-03;9.797323777770861747e-04;7.454353267678149762e-04;6.196124656968643885e-04;5.191156527009839787e-04;2.983385999156183644e-04
-1.375000000000000000e+00;3.789440093028267637e-03;2.146284556778895163e-03;1.564348275699936966e-03;1.231591397151073509e-03;1.025686844731203001e-03;8.360098849668877192e-04;4.279195566915890061e-04
-1.125000000000000000e+00;5.706128013763936586e-03;3.436996844609827278e-03;2.620764420222404436e-03;2.083222689046753708e-03;1.699442458317758755e-03;1.326867710306077431e-03;6.023459786956618465e-04
-8.750000000000000000e-01;9.255512028692207058e-03;5.966055704323256458e-03;4.552275895592202554e-03;3.543405553934955102e-03;2.783029162489276606e-03;2.063987738574716343e-03;8.330414598735297414e-04
-6.250000000000000000e-01;1.735793925362587309e-02;1.093493627410442939e-02;7.948011163424074238e-03;5.934162398356541968e-03;4.453438124797454156e-03;3.133215262071093084e-03;1.133289043941093166e-03
-3.750000000000000000e-01;3.596819725632448977e-02;2.004647123381382914e-02;1.355223028323446037e-02;9.643902348114883477e-03;6.919354127639013030e-03;4.635181565818153118e-03;1.519763559247887296e-03
-1.250000000000000000e-01;7.172728563950728220e-02;3.502175056764560146e-02;2.211778450548455149e-02;1.507262094015935326e-02;1.040209856431822434e-02;6.681764931424196211e-03;2.013694879042957249e-03
1.250000000000000000e-01;1.281152767540494342e-01;5.704740580775178455e-02;3.428599448643383091e-02;2.261653700515823748e-02;1.514239475002824437e-02;9.407386963194992735e-03;2.646607353032812658e-03
3.750000000000000000e-01;2.029711949563791917e-01;8.661047037144807559e-02;5.060073398488015156e-02;3.271841562545745735e-02;2.144627815488876765e-02;1.299798290225085903e-02;3.467392791774815547e-03
6.250000000000000000e-01;2.852369137476989946e-01;1.224759423727777713e-01;7.097086328893721652e-02;4.554285616469792852e-02;2.950336829348905801e-02;1.759792228966277836e-02;4.523012464106027780e-03
8.750000000000000000e-01;3.595608637636580340e-01;1.614814868264761172e-01;9.438010241736456696e-02;6.076045259856852759e-02;3.925348149645876972e-02;2.323955695467446597e-02;5.847052224204382642e-03
1.125000000000000000e+00;4.165597558196728611e-01;2.000000218422322007e-01;1.193262621825544878e-01;7.771013737816785671e-02;5.045163418751883594e-02;2.986778596880737546e-02;7.463387902835237273e-03
1.375000000000000000e+00;4.556285699925579080e-01;2.352031980966077240e-01;1.442638236692554143e-01;9.555692479059195443e-02;6.271059576583934425e-02;3.734589276979770334e-02;9.381148161078581640e-03
1.625000000000000000e+00;4.811368530247977504e-01;2.656972484907179632e-01;1.679858640532320146e-01;1.134838349533080354e-01;7.557529679620941798e-02;4.547848393899928815e-02;1.159262843945823088e-02
1.875000000000000000e+00;4.985401426375701828e-01;2.913170619733265743e-01;1.898072964277074393e-01;1.308433639621999489e-01;8.860455140831346998e-02;5.404488643502906864e-02;1.407425065610490300e-02
2.125000000000000000e+00;5.123127431247476160e-01;3.124410662231256186e-01;2.095237525612214102e-01;1.472301380445164287e-01;1.014335237046807697e-01;6.283147530645889767e-02;1.678991585080523430e-02
2.375000000000000000e+00;5.249956597204894493e-01;3.295174291671710831e-01;2.272033250879718635e-01;1.624746784970937663e-01;1.138062054221259944e-01;7.165584774182950922e-02;1.969584656756953600e-02
2.625000000000000000e+00;5.374794651945626889e-01;3.431417568352722602e-01;2.429369891556864003e-01;1.765718815337896097e-01;1.255772491856784745e-01;8.037958386392661525e-02;2.274585907451426997e-02
2.875000000000000000e+00;5.499130179242601724e-01;3.542474777230041338e-01;2.567250100887303876e-01;1.895752446964335258e-01;1.366897508427623587e-01;8.890985732645878548e-02;2.589623724694535209e-02
3.125000000000000000e+00;5.622896368520564625e-01;3.639145693958795169e-01;2.685817127467369225e-01;2.015072208260712816e-01;1.471378549643010125e-01;9.719135505348440451e-02;2.910955305344863076e-02
3.375000000000000000e+00;5.746052294057426568e-01;3.729934682458861950e-01;2.787166893819318925e-01;2.123420104074890402e-01;1.569295904370306138e-01;1.051927660690992611e-01;3.235715773418922081e-02
3.625000000000000000e+00;5.868691638062045746e-01;3.819577361942990135e-01;2.875668972544934143e-01;2.220652529725495594e-01;1.660644555013144896e-01;1.128919225930221371e-01;3.562000362155258448e-02
3.875000000000000000e+00;5.990947618805122499e-01;3.910040439332788664e-01;2.956502921630601022e-01;2.307529402455482104e-01;1.745370253627575308e-01;1.202661013019394459e-01;3.888763514529403748e-02
4.125000000000000000e+00;6.112900345900735832e-01;4.001952363866708717e-01;3.033949558217931552e-01;2.385931334592332476e-01;1.823566623020631550e-01;1.272898392031709125e-01;4.215532373607303734e-02
4.375000000000000000e+00;6.234409551457565923e-01;4.095472154475572335e-01;3.110713691846217488e-01;2.458405948306817412e-01;1.895688863136128222e-01;1.339414020706900244e-01;4.542001458554230375e-02
4.625000000000000000e+00;6.355340004753265992e-01;4.190635987065412515e-01;3.188087375980562244e-01;2.527372031008772724e-01;1.962537977488321983e-01;1.402075411272706851e-01;4.867595656304507523e-02
4.875000000000000000e+00;6.475432132296833343e-01;4.287280415652056642e-01;3.266435408416930586e-01;2.594664662201462968e-01;2.025228736947892738e-01;1.460963910439549152e-01;5.191400247333242263e-02
5.125000000000000000e+00;6.595415600861743721e-01;4.384917551719855755e-01;3.345358643763752249e-01;2.661079644570535918e-01;2.084612081795776395e-01;1.516120766587820134e-01;5.511791901404705651e-02
5.375000000000000000e+00;6.710614782718543614e-01;4.482750959415726655e-01;3.424820000184252144e-01;2.727308672399033629e-01;2.141722370991620272e-01;1.567906888296253243e-01;5.827829100099184839e-02
5.625000000000000000e+00;6.813844296603669415e-01;4.579725746175450363e-01;3.504935762777884323e-01;2.794240290201299159e-01;2.198048078796293880e-01;1.617217196040795779e-01;6.139269770002812876e-02
5.875000000000000000e+00;6.905421342481929958e-01;4.674844374852941131e-01;3.585034508578122114e-01;2.861969737594368679e-01;2.254611245838535061e-01;1.664982581461999234e-01;6.445029537643900963e-02
6.125000000000000000e+00;6.988886099220021908e-01;4.766614174266779469e-01;3.664402625360063115e-01;2.930118127623926871e-01;2.311887528482837184e-01;1.712119573983074405e-01;6.743907968661243257e-02
6.375000000000000000e+00;7.067435643762639552e-01;4.852776442670430068e-01;3.742368788627002396e-01;2.998159475834392684e-01;2.369870720243689721e-01;1.759338563742584571e-01;7.035093913268346266e-02
6.625000000000000000e+00;7.143427205800839674e-01;4.932012151734758154e-01;3.818197020062517044e-01;3.065603180076560963e-01;2.428272558078212739e-01;1.807030273549346810e-01;7.318379101629253480e-02
6.875000000000000000e+00;7.217987325755977901e-01;5.005148114096801271e-01;3.891170669648655323e-01;3.132018407012330807e-01;2.486713488329082011e-01;1.855279192143672318e-01;7.594249000515340686e-02
7.125000000000000000e+00;7.291353205302912865e-01;5.074376736546674094e-01;3.960868863601658685e-01;3.197020213217399709e-01;2.544833027420668747e-01;1.903955103345300326e-01;7.863841778264138438e-02
7.375000000000000000e+00;7.363503527771677604e-01;5.141846341179440172e-01;4.027427262473553538e-01;3.260325517084713964e-01;2.602334638682041179e-01;1.952825699061987441e-01;8.128754240098008677e-02
7.625000000000000000e+00;7.434393863772220667e-01;5.208996107304179057e-01;4.091545445075081000e-01;3.321861134614798039e-01;2.658998930003870775e-01;2.001643969837116066e-01;8.390728269889102808e-02
7.875000000000000000e+00;7.503994288465465345e-01;5.276613438636315045e-01;4.154219931424135148e-01;3.381836878991888451e-01;2.714708443505844393e-01;2.050205792912184466e-01;8.651323303007561749e-02
8.125000000000000000e+00;7.572284516348091188e-01;5.345082903253888240e-01;4.216407170658588721e-01;3.440689914783536252e-01;2.769474451842224849e-01;2.098367943262911817e-01;8.911667737156177271e-02
8.375000000000000000e+00;7.639275354821223329e-01;5.414601645847176847e-01;4.278839356766914737e-01;3.498942239057254988e-01;2.823452012699441682e-01;2.146056321313573878e-01;9.172367543327616946e-02
8.625000000000000000e+00;7.704999217429260305e-01;5.485280305434137027e-01;4.341992764025331408e-01;3.557053153423979097e-01;2.876895580176354050e-01;2.193254922471651325e-01;9.433544326916969147e-02
8.875000000000000000e+00;7.769517409293865695e-01;5.557206041823542497e-01;4.406148281605316575e-01;3.615370006450843721e-01;2.930091924602044595e-01;2.240011689212476342e-01;9.694985873599827608e-02
9.125000000000000000e+00;7.832933999080544663e-01;5.630416671627541669e-01;4.471429930428199584e-01;3.674128354014046804e-01;2.983271953853874892e-01;2.286411339490863059e-01;9.956277425508334999e-02
9.375000000000000000e+00;7.895294604717851827e-01;5.704939390693961609e-01;4.537881385852157168e-01;3.733496269332710060e-01;3.036589104033425301e-01;2.332580727785912300e-01;1.021697386976838928e-01
9.625000000000000000e+00;7.956774798463761567e-01;5.780760121758735659e-01;4.605449659071308988e-01;3.793571824486046129e-01;3.090091515089931073e-01;2.378615001876101254e-01;1.047654698552104580e-01
9.875000000000000000e+00;8.017374508797231458e-01;5.857787888802710174e-01;4.674062379188193006e-01;3.854378916753699036e-01;3.143782165033401910e-01;2.424606978901582277e-01;1.073463732374655422e-01
1.012500000000000000e+01;8.078187381286550117e-01;5.935607484889787733e-01;4.743331906967479528e-01;3.915694849941933064e-01;3.197452752025656819e-01;2.470427966974587108e-01;1.099036168565342975e-01
1.037500000000000000e+01;8.137527154460385548e-01;6.013220142019827241e-01;4.813120189673645299e-01;3.977654017790590024e-01;3.251309033706998308e-01;2.516212989695452151e-01;1.124464229827514261e-01
1.062500000000000000e+01;8.191343640676748139e-01;6.088773380775497346e-01;4.883391458154132669e-01;4.040501689900032889e-01;3.305821210077924399e-01;2.562353793061017404e-01;1.149975018638693669e-01
1.087500000000000000e+01;8.238180898302661648e-01;6.159728194294563641e-01;4.953308317976138353e-01;4.103962550112588703e-01;3.361048623006923086e-01;2.608965962060752486e-01;1.175663935455706910e-01
1.112500000000000000e+01;8.278362523319693356e-01;6.224125449132285048e-01;5.021547973183274616e-01;4.167596969175990096e-01;3.416956993293436273e-01;2.656196780238920252e-01;1.201635089228597075e-01
1.137500000000000000e+01;8.313772434742765505e-01;6.281353319942165614e-01;5.086502115061416474e-01;4.230651072539678981e-01;3.473294866993555385e-01;2.704130677391004545e-01;1.228011679703258641e-01
1.162500000000000000e+01;8.346593734631033712e-01;6.331881066188501661e-01;5.146744657303320425e-01;4.292068686134385413e-01;3.529580009234395965e-01;2.752700891359884383e-01;1.254928793749769400e-01
1.187500000000000000e+01;8.378255777235456003e-01;6.376767842635854278e-01;5.201523663747662507e-01;4.350706278377220459e-01;3.585146927098072367e-01;2.801648978849247684e-01;1.282518842682506266e-01
1.212500000000000000e+01;8.409293260534358438e-01;6.417261639068269075e-01;5.250932640094052584e-01;4.405676604059906021e-01;3.639231680598777885e-01;2.850549609044457089e-01;1.310892840019556860e-01
1.237500000000000000e+01;8.439794189789631140e-01;6.454442179652070122e-01;5.295688027749118065e-01;4.456604094218148404e-01;3.691119154006022862e-01;2.898884883881637231e-01;1.340120480166273886e-01
1.262500000000000000e+01;8.469758771353482762e-01;6.489222954701944213e-01;5.336760948107484026e-01;4.503638600965110816e-01;3.740322960786827688e-01;2.946139689665042694e-01;1.370211939749144403e-01
1.287500000000000000e+01;8.499188188592718962e-01;6.522500757624393186e-01;5.375076910529845708e-01;4.547287582873708045e-01;3.786697060397864467e-01;2.991893472347918470e-01;1.401103749869625215e-01
1.312500000000000000e+01;8.528083887954610587e-01;6.555025106643536104e-01;5.411371680179771770e-01;4.588210302886326364e-01;3.830410210940916604e-01;3.035886831426786170e-01;1.432654584674429299e-01
1.337500000000000000e+01;8.556446927385016332e-01;6.587218917859414269e-01;5.446223914154562085e-01;4.627055998209276821e-01;3.871833253061964242e-01;3.078046906633015167e-01;1.464654450879411540e-01
1.362500000000000000e+01;8.584275752954148020e-01;6.619227366645193955e-01;5.480141809697985922e-01;4.664365726963751180e-01;3.911409320396547762e-01;3.118469576162690715e-01;1.496849837796863092e-01
1.387500000000000000e+01;8.611566204855098938e-01;6.651080083797382692e-01;5.513569940599387653e-01;4.700562886580198496e-01;3.949556061754102010e-01;3.157371037278890458e-01;1.528977968678351951e-01
1.412500000000000000e+01;8.638309912748636243e-01;6.682780702514050652e-01;5.546830663668593786e-01;4.735999822455255193e-01;3.986600850195937129e-01;3.195026500177148288e-01;1.560803178671183455e-01
1.437500000000000000e+01;8.664491935301886771e-01;6.714333011366773185e-01;5.580105710561129584e-01;4.770993958762758669e-01;4.022783423569126215e-01;3.231706202575987397e-01;1.592143213407671842e-01
1.462500000000000000e+01;8.690094495857402235e-01;6.745757270161198971e-01;5.613496714386331243e-01;4.805804742411896591e-01;4.058285863605088362e-01;3.267626401075047760e-01;1.622880926280023117e-01
1.487500000000000000e+01;8.715061262474059767e-01;6.777110295444671584e-01;5.647021009164274741e-01;4.840569114914896054e-01;4.093279349229096420e-01;3.302909128649799131e-01;1.652961853651989110e-01
1.512500000000000000e+01;8.739479419280412609e-01;6.808616740545907486e-01;5.680694448676686381e-01;4.875285751820907509e-01;4.127873045860319112e-01;3.337579215494648754e-01;1.682367902058151399e-01
1.537500000000000000e+01;8.763029254354415265e-01;6.839874170771269579e-01;5.714198419345754010e-01;4.909733474954453003e-01;4.162028795343378218e-01;3.371526721949846817e-01;1.711192569035309974e-01
1.562500000000000000e+01;8.785490433498851504e-01;6.870259059574538307e-01;5.746931775096838502e-01;4.943638409234513698e-01;4.195697939427086576e-01;3.404594456985942652e-01;1.739559838285440752e-01
1.587500000000000000e+01;8.807155206688958016e-01;6.899680230776890077e-01;5.778516102453553627e-01;4.976810975615568178e-01;4.228887234529528638e-01;3.436768696330435580e-01;1.767514380899508908e-01
1.612500000000000000e+01;8.828081569261445605e-01;6.928066327020486748e-01;5.808783581629177739e-01;5.009060027650561464e-01;4.261545602613396877e-01;3.468172063636406066e-01;1.795080807903243758e-01
1.637500000000000000e+01;8.848320253238091126e-01;6.955496908770522069e-01;5.837729303318388574e-01;5.040251176522225762e-01;4.293525518425974075e-01;3.498957177100466276e-01;1.822260602641192218e-01
1.662500000000000000e+01;8.867960010039217522e-01;6.982189283647233236e-01;5.865432371386647414e-01;5.070302561047353995e-01;4.324671540968270111e-01;3.529211620322021403e-01;1.849037352552282687e-01
1.687500000000000000e+01;8.887042256196203693e-01;7.008303080734716861e-01;5.892036715059111307e-01;5.099153824947204594e-01;4.354899961057391855e-01;3.558929244407320613e-01;1.875387605541246894e-01
1.712500000000000000e+01;8.905577357760832147e-01;7.033930174416782588e-01;5.917766209257162568e-01;5.126805015997526471e-01;4.384180623269853805e-01;3.588057219921678143e-01;1.901291944793937205e-01
1.737500000000000000e+01;8.923574829845676293e-01;7.059187366015994280e-01;5.942869083446411516e-01;5.153383401542512843e-01;4.412493929326992137e-01;3.616553869655955156e-01;1.926745946356819006e-01
1.762500000000000000e+01;8.941047831653418099e-01;7.084201318881689913e-01;5.967536195086212691e-01;5.179128154397126815e-01;4.439850647174487519e-01;3.644403029138968964e-01;1.951766874439676835e-01
1.787500000000000000e+01;8.958010435105844271e-01;7.109050615948221408e-01;5.991887971997008622e-01;5.204296091459722495e-01;4.466345193388343571e-01;3.671609131467118980e-01;1.976398845839603124e-01
1.812500000000000000e+01;8.974480506752755549e-01;7.133771451675573472e-01;6.016015249825528155e-01;5.229084608022975811e-01;4.492164408296465683e-01;3.698208666915271947e-01;2.000711063545113910e-01
1.837500000000000000e+01;8.990476061416200482e-01;7.158381306730267069e-01;6.040002190971232032e-01;5.253627661035535912e-01;4.517549336293976703e-01;3.724307424196017235e-01;2.024794945883995334e-01
1.862500000000000000e+01;9.006020462718309361e-01;7.182901108601320583e-01;6.063924732521618344e-01;5.278052434163187367e-01;4.542768422583575716e-01;3.750110120149803272e-01;2.048753200869938562e-01
1.887500000000000000e+01;9.021136858608873599e-01;7.207348237018910142e-01;6.087873368722069856e-01;5.302568644514734642e-01;4.568147408430230927e-01;3.775930851251288467e-01;2.072691008732186757e-01
1.912500000000000000e+01;9.035864895589900136e-01;7.231757327397041468e-01;6.112087452235771545e-01;5.327592888887605627e-01;4.594133313371764893e-01;3.802169547896255830e-01;2.096694844358957532e-01
1.937500000000000000e+01;9.050184975645018115e-01;7.256338841937032269e-01;6.137252292324871794e-01;5.353873679048215539e-01;4.621326216885619509e-01;3.829272228408063250e-01;2.120813463808753074e-01
1.962500000000000000e+01;9.064203619998412176e-01;7.282274463765063821e-01;6.164867718881522629e-01;5.382507494241529633e-01;4.650412149889271984e-01;3.857654740484648404e-01;2.145013235895751325e-01
1.987500000000000000e+01;9.078975157592458212e-01;7.313162998921806102e-01;6.197218944152774744e-01;5.414647723198970919e-01;4.681986629483588236e-01;3.887611361598040660e-01;2.169130972784387157e-01
2.012500000000000000e+01;9.100864480937135292e-01;7.355109584651458032e-01;6.236378090331515800e-01;5.450988524807814928e-01;4.716392929629063535e-01;3.919180221904042805e-01;2.192737272073265742e-01
2.037500000000000000e+01;9.131061215205151793e-01;7.407788169952854718e-01;6.281431041507846702e-01;5.490990840850976662e-01;4.753445512373993820e-01;3.952323410692731298e-01;2.215887841296169669e-01
2.062500000000000000e+01;9.163358119229524368e-01;7.465146966635234360e-01;6.329552274682924695e-01;5.533189520612072920e-01;4.792296191164872599e-01;3.986732562538043978e-01;2.238998909500619361e-01
2.087500000000000000e+01;9.195304254955222190e-01;7.524277223379854940e-01;6.379195474065125770e-01;5.576508517638727458e-01;4.832139133330953795e-01;4.021914108872269855e-01;2.262119582283901309e-01
2.112500000000000000e+01;9.226188314502528076e-01;7.584157700404441371e-01;6.429722759837162016e-01;5.620444620147341253e-01;4.872597317205317746e-01;4.057631999643390719e-01;2.285260337888243565e-01
2.137500000000000000e+01;9.255750455713198654e-01;7.644260216841757272e-01;6.480800466669045523e-01;5.664694249659775194e-01;4.913438344807822267e-01;4.093744461066006202e-01;2.308431518084123613e-01
2.162500000000000000e+01;9.283891723896164905e-01;7.704232217012937367e-01;6.532240429743664256e-01;5.709069206147086017e-01;4.954500479011915703e-01;4.130157167179728805e-01;2.331645438551631921e-01
2.187500000000000000e+01;9.310598199394839458e-01;7.763809350511109431e-01;6.583916029344798471e-01;5.753462179776772656e-01;4.995661265913814431e-01;4.166801598577387633e-01;2.354916602037251394e-01
2.212500000000000000e+01;9.335922000799603548e-01;7.822781964844813807e-01;6.635721474803972786e-01;5.797823874779625131e-01;5.036822647002731079e-01;4.203624771534924531e-01;2.378261733844604930e-01
2.237500000000000000e+01;9.359961354606282091e-01;7.880972768340135381e-01;6.687557988624538430e-01;5.842143190387893981e-01;5.077903691576567402e-01;4.240584955871878337e-01;2.401700138236521065e-01
2.262500000000000000e+01;9.382837047297064581e-01;7.938223522590336367e-01;6.739333047073422511e-01;5.886431339780942018e-01;5.118838921706633238e-01;4.277650693936623227e-01;2.425254240235973080e-01
2.287500000000000000e+01;9.404670956832823503e-01;7.994392974077068059e-01;6.790963612906804059e-01;5.930710144408503082e-01;5.159580593954614658e-01;4.314801351325301404e-01;2.448950043413267164e-01
2.312500000000000000e+01;9.425575614860972617e-01;8.049367278103263246e-01;6.842379318959040946e-01;5.975006701345590976e-01;5.200105772320536834e-01;4.352027208774327804e-01;2.472816313780374919e-01
2.337500000000000000e+01;9.445657740842765548e-01;8.103073272872082233e-01;6.893523799960370457e-01;6.019354560694542000e-01;5.240421627672663396e-01;4.389329188403768289e-01;2.496881988094068194e-01
2.362500000000000000e+01;9.465030681769086573e-01;8.155483847536635356e-01;6.944357533737660626e-01;6.063807165977355140e-01;5.280565053897956496e-01;4.426723803126703660e-01;2.521171912325056996e-01
2.387500000000000000e+01;9.483825519146410477e-01;8.206605433397873295e-01;6.994868611364828404e-01;6.108450256267382583e-01;5.320591765424249608e-01;4.464257156823987494e-01;2.545703604069476378e-01
2.412500000000000000e+01;9.502194350340722462e-01;8.256463582166803095e-01;7.045105406798071179e-01;6.153400103495000328e-01;5.360583863759468271e-01;4.502015442765801567e-01;2.570486277507997852e-01
2.437500000000000000e+01;9.520302886988107893e-01;8.305109856055082895e-01;7.095198772581580160e-01;6.198764647878807210e-01;5.400667467394216770e-01;4.540096965629309977e-01;2.595526150743301952e-01
2.462500000000000000e+01;9.538317571935860384e-01;8.352637006867142944e-01;7.145318215908297299e-01;6.244641279859092231e-01;5.441027043053285883e-01;4.578572459658880045e-01;2.620840456515526884e-01
2.487500000000000000e+01;9.556386580038476186e-01;8.399119426535062161e-01;7.195559192810347948e-01;6.291114406837302608e-01;5.481862730276881868e-01;4.617480198163597671e-01;2.646459601440186993e-01
2.512500000000000000e+01;9.574634656791197740e-01;8.444583049738120240e-01;7.245923560302909294e-01;6.338261891018753813e-01;5.523398899716522870e-01;4.656828483859331014e-01;2.672434089873909069e-01
2.537500000000000000e+01;9.593135167215229853e-01;8.488905058750957355e-01;7.296131551593485476e-01;6.385897755795402198e-01;5.565605723742009792e-01;4.696495161679650754e-01;2.698757284467058204e-01
2.562500000000000000e+01;9.611893438432461689e-01;8.531920840675830675e-01;7.345883809238442641e-01;6.433674566494966829e-01;5.608188564555479649e-01;4.736279693081915099e-01;2.725401398135028908e-01
2.587500000000000000e+01;9.630870761080843057e-01;8.573577314845758357e-01;7.395069763077669611e-01;6.481388908688588968e-01;5.650947986053038719e-01;4.776049368601025247e-01;2.752332438004232440e-01
2.612500000000000000e+01;9.649989529629413587e-01;8.613840233937963831e-01;7.443540019785067630e-01;6.528876786891775197e-01;5.693770733039830167e-01;4.815723581946826926e-01;2.779487165711316821e-01
2.637500000000000000e+01;9.669137408410336532e-01;8.652691895408496370e-01;7.491181218784226381e-01;6.576009050693412128e-01;5.736581764786685689e-01;4.855254259051859922e-01;2.806840141310637526e-01
2.662500000000000000e+01;9.688179072193565666e-01;8.690133185436346164e-01;7.537929647717539483e-01;6.622690578391411398e-01;5.779325531054531062e-01;4.894613782938574409e-01;2.834377644514132766e-01
2.687500000000000000e+01;9.706970453219637696e-01;8.726185292320487452e-01;7.583773676134457631e-01;6.668855491785836698e-01;5.821957675286746348e-01;4.933787320757979100e-01;2.862092027486793366e-01
2.712500000000000000e+01;9.725372520438863022e-01;8.760887455608979968e-01;7.628741864659150940e-01;6.714463408623700946e-01;5.864440449216475892e-01;4.972767885429166257e-01;2.889980291122755118e-01
2.737500000000000000e+01;9.743261542148534682e-01;8.794289867858150478e-01;7.672884739916714381e-01;6.759496392551676003e-01;5.906739030836495319e-01;5.011553572495627273e-01;2.918043277899216581e-01
2.762500000000000000e+01;9.760536245976609848e-01;8.826447551913416678e-01;7.716255578157467099e-01;6.803953776696871625e-01;5.948821335687177747e-01;5.050145238783906310e-01;2.946284029126094439e-01
2.787500000000000000e+01;9.777120297576922248e-01;8.857414880177795213e-01;7.758896444701830486e-01;6.847847290083814986e-01;5.990661500249953031e-01;5.088543615019750499e-01;2.974705437749306514e-01
2.812500000000000000e+01;9.792962464707217762e-01;8.887245252616166047e-01;7.800828500044769687e-01;6.891202045259263720e-01;6.032243428824293208e-01;5.126745953506537390e-01;3.003307284023919443e-01
2.837500000000000000e+01;9.808033182847121223e-01;8.915987797800598580e-01;7.842056803966219736e-01;6.934061836116436339e-01;6.073556453368842423e-01;5.164748232407387896e-01;3.032084863263486141e-01
2.862500000000000000e+01;9.822321111296729024e-01;8.943694226941281133e-01;7.882599531701830475e-01;6.976474046394365303e-01;6.114594388223386634e-01;5.202552151022378224e-01;3.061028992069624310e-01
2.887500000000000000e+01;9.835827447196759943e-01;8.970445901783303810e-01;7.922516284179395019e-01;7.018446709570548281e-01;6.155368442520143812e-01;5.240167586494534069e-01;3.090131386317432338e-01
2.912500000000000000e+01;9.848564599524827212e-01;8.996363863116442205e-01;7.961873157365130238e-01;7.059956967938431083e-01;6.195940552893680620e-01;5.277607621848536823e-01;3.119387759580903308e-01
2.937500000000000000e+01;9.860561658418220965e-01;9.021539242103299161e-01;8.000720031050821968e-01;7.101024790679703047e-01;6.236404196382198117e-01;5.314888820242864576e-01;3.148793338223925264e-01
2.962500000000000000e+01;9.871851490566694309e-01;9.046031254280593181e-01;8.039099860166418754e-01;7.141754478736803691e-01;6.276944790784076966e-01;5.352052754624206932e-01;3.178328342698423237e-01
2.987500000000000000e+01;9.882482393652559649e-01;9.069971598627624143e-01;8.077080534428048297e-01;7.182275968943064859e-01;6.317777275912673796e-01;5.389149309330223403e-01;3.207945794156562003e-01
3.012500000000000000e+01;9.892650111274378100e-01;9.093654621510859348e-01;8.114801989541085003e-01;7.222811303856434550e-01;6.359035546721946153e-01;5.426249990166696069e-01;3.237583317373027847e-01
3.037500000000000000e+01;9.902349136149003472e-01;9.116990588444365828e-01;8.152296943754155922e-01;7.263323006696577044e-01;6.400435840302804991e-01;5.463442814632938349e-01;3.267297611372410593e-01
3.062500000000000000e+01;9.911451273101237192e-01;9.139702990186931997e-01;8.189412282758998796e-01;7.303570116781905597e-01;6.441708021681403773e-01;5.500689060137077258e-01;3.297155603900871479e-01
3.087500000000000000e+01;9.919971975598110836e-01;9.161747639648583075e-01;8.226023942117209886e-01;7.343472189027291375e-01;6.482891030794132314e-01;5.537896084341564773e-01;3.327127233341654611e-01
3.112500000000000000e+01;9.927877708002010859e-01;9.183055595622064970e-01;8.262058548457242857e-01;7.382955006301016310e-01;6.523923872421791836e-01;5.575040169356069164e-01;3.357198017017081204e-01
3.137500000000000000e+01;9.935154957117998675e-01;9.203586110080426153e-01;8.297439849449402827e-01;7.421974250907723558e-01;6.564718963862311574e-01;5.612113791945639862e-01;3.387355888975187579e-01
3.162500000000000000e+01;9.941801412865323151e-01;9.223300361752916343e-01;8.332108851335880972e-01;7.460510850556274498e-01;6.605174399648744421e-01;5.649111359158002221e-01;3.417589986881626740e-01
3.187500000000000000e+01;9.947825002959728158e-01;9.242195246162705491e-01;8.366010546884484755e-01;7.498554063805478176e-01;6.645219063542983085e-01;5.686025794608977613e-01;3.447889882958761754e-01
3.212500000000000000e+01;9.953243793946676687e-01;9.260293871839175850e-01;8.399101090377231182e-01;7.536095413144675570e-01;6.684795706151926975e-01;5.722848714130224224e-01;3.478245497153117927e-01
3.237500000000000000e+01;9.958085320885111669e-01;9.277640038360399632e-01;8.431354763590112045e-01;7.573125605843762376e-01;6.723857576983049977e-01;5.759570506510806043e-01;3.508647112675918889e-01
3.262500000000000000e+01;9.962385294033153649e-01;9.294293104724266064e-01;8.462767786440014151e-01;7.609633887135497377e-01;6.762367265308023567e-01;5.796179947158622836e-01;3.539085417416684698e-01
3.287500000000000000e+01;9.966185644537690624e-01;9.310321797824401280e-01;8.493357827112654190e-01;7.645609900313335983e-01;6.800296201897580994e-01;5.832663525310366470e-01;3.569551492772727874e-01
3.312500000000000000e+01;9.969532198373498577e-01;9.325797591766205041e-01;8.523159462863235669e-01;7.681046540373427378e-01;6.837623917128601292e-01;5.869005284013649737e-01;3.600036816447375609e-01
3.337500000000000000e+01;9.972472284710295343e-01;9.340788592072369889e-01;8.552217131521272497e-01;7.715943269143342720e-01;6.874337402912498174e-01;5.905187060282285350e-01;3.630533187983425170e-01
3.362500000000000000e+01;9.975052638551601403e-01;9.355354800887802913e-01;8.580577734411027890e-01;7.750307385266576032e-01;6.910430231653360567e-01;5.941189703643925402e-01;3.661032879217459013e-01
3.387500000000000000e+01;9.977317729198105223e-01;9.369545591516702521e-01;8.608284441584322932e-01;7.784154421086879605e-01;6.945902625404722919e-01;5.976994094329786122e-01;3.691528668564589832e-01
3.412500000000000000e+01;9.979308658683038180e-01;9.383399612157222736e-01;8.635372999434450803e-01;7.817505109607186808e-01;6.980761393669473458e-01;6.012583081414994979e-01;3.722015142679439559e-01
3.437500000000000000e+01;9.981062502763342614e-01;9.396946856514012403e-01;8.661870045063462253e-01;7.850383541565479906e-01;7.015021651895384514e-01;6.047942366633293210e-01;3.752489790618806498e-01
3.462500000000000000e+01;9.982612119412969109e-01;9.410211845829957733e-01;8.687794031747492207e-01;7.882812105509741096e-01;7.048709485751684101e-01;6.083065802736982164e-01;3.782955792699042030e-01
3.487500000000000000e+01;9.983986173419511223e-01;9.423216917876586773e-01;8.713155950613625800e-01;7.914814818736718438e-01;7.081864868838290139e-01;6.117959988043255581e-01;3.813415569229262614e-01
3.512500000000000000e+01;9.985209446018099566e-01;9.435984519858618969e-01;8.737972202679976652e-01;7.946401934819364854e-01;7.114538624068214023e-01;6.152666506919611811e-01;3.843884404264441002e-01
3.537500000000000000e+01;9.986303133778103858e-01;9.448538322739183926e-01;8.762244974382817908e-01;7.977543845957622004e-01;7.146741857592884273e-01;6.187168773179773096e-01;3.874361113824648095e-01
3.562500000000000000e+01;9.987285332982167585e-01;9.460902814766735114e-01;8.785966584766258247e-01;8.008220700148507287e-01;7.178486353764873540e-01;6.221393766404653691e-01;3.904798542853333276e-01
3.587500000000000000e+01;9.988171353071876313e-01;9.473102230848060579e-01;8.809142234209772493e-01;8.038431954305640392e-01;7.209821214429350533e-01;6.255311307416553390e-01;3.935150217733789924e-01
3.612500000000000000e+01;9.988974219101695029e-01;9.485159134664042924e-01;8.831774971923932460e-01;8.068165218274435668e-01;7.240784577493577512e-01;6.288909308716960078e-01;3.965385647984554507e-01
3.637500000000000000e+01;9.989704880598493375e-01;9.497093236140452532e-01;8.853867419673724370e-01;8.097408589113840316e-01;7.271405633986502970e-01;6.322185229763306324e-01;3.995481221549386786e-01
3.662500000000000000e+01;9.990372693463070997e-01;9.508920389068292733e-01;8.875421766593398765e-01;8.126153053933425907e-01;7.301703840335829199e-01;6.355140549483937473e-01;4.025417964358259937e-01
3.687500000000000000e+01;9.990985477959234418e-01;9.520652110189713468e-01;8.896439985823531016e-01;8.154392580159078863e-01;7.331689196474812098e-01;6.387776172734463964e-01;4.055181035146368518e-01
3.712500000000000000e+01;9.991550001502128575e-01;9.532295561525706562e-01;8.916923882142934188e-01;8.182122906006950025e-01;7.361362589830615644e-01;6.420089341398921290e-01;4.084758760079849060e-01
3.737500000000000000e+01;9.992071862743286959e-01;9.543853590354032246e-01;8.936876664010267035e-01;8.209340702204227513e-01;7.390719880468719083e-01;6.452071178799075879e-01;4.114142537364345320e-01
3.762500000000000000e+01;9.992556025170432621e-01;9.555325689240691256e-01;8.956303206843911902e-01;8.236044950155939626e-01;7.419755526173292814e-01;6.483706228914782876e-01;4.143325011794656287e-01
3.787500000000000000e+01;9.993006502137369296e-01;9.566707850404290170e-01;8.975212911787061598e-01;8.262241530100635778e-01;7.448467141181305262e-01;6.514970232117024418e-01;4.172300914081814582e-01
3.812500000000000000e+01;9.993427007031657761e-01;9.577994739993148654e-01;8.993624874237511335e-01;8.287938859937672431e-01;7.476850197767757056e-01;6.545831715790996208e-01;4.201067407483548566e-01
3.837500000000000000e+01;9.993820400872898135e-01;9.589178368210882208e-01;9.011578492243110805e-01;8.313135417126816806e-01;7.504897350406637413e-01;6.576255078202425386e-01;4.229627662404644162e-01
3.862500000000000000e+01;9.994189535091583254e-01;9.600252043399688517e-01;9.029131326220352083e-01;8.337822477972790525e-01;7.532598271351976793e-01;6.606210656297172301e-01;4.257986901018678272e-01
3.887500000000000000e+01;9.994536414875221375e-01;9.611212512925572105e-01;9.046368031700582346e-01;8.361999356721521170e-01;7.559942601053003530e-01;6.635672270740949896e-01;4.286151678264576992e-01
3.912500000000000000e+01;9.994863286618347331e-01;9.622108327503113845e-01;9.063370193347958237e-01;8.385659519806212270e-01;7.586963047921022607e-01;6.664638766015393845e-01;4.314120574455096446e-01
3.937500000000000000e+01;9.995171746819293546e-01;9.633005248705961421e-01;9.080230690017545570e-01;8.408853329912309160e-01;7.613866461977414346e-01;6.693118555889838728e-01;4.341888666632802707e-01
3.962500000000000000e+01;9.995463811010915078e-01;9.643979631228659644e-01;9.097017454731243236e-01;8.432207305687944299e-01;7.640991978595861323e-01;6.721263518225272238e-01;4.369438947125051098e-01
3.987500000000000000e+01;9.995733852621377924e-01;9.655145009315944105e-01;9.113810383088439826e-01;8.456355160135478055e-01;7.668439476661681464e-01;6.749427950866042636e-01;4.396750090538950606e-01
4.025000000000000000e+01;9.996073746739867483e-01;9.666714170549156604e-01;9.130929781615235719e-01;8.481160993220884237e-01;7.696071547123146672e-01;6.777551341572845001e-01;4.423783562188044471e-01
4.075000000000000000e+01;9.996958072327649658e-01;9.689138890347422928e-01;9.167483831802194505e-01;8.527447142546489278e-01;7.748647140716595771e-01;6.831829890147381734e-01;4.477053497561489515e-01
4.125000000000000000e+01;9.997825945142974069e-01;9.710183771606314407e-01;9.201951960204438619e-01;8.569366381298425539e-01;7.798011665050078589e-01;6.883846671309511445e-01;4.529395525952513157e-01
4.175000000000000000e+01;9.998558361355808222e-01;9.730791886236832555e-01;9.231378317336859096e-01;8.610053188317040584e-01;7.846785252259571575e-01;6.934714103489747483e-01;4.580882935297924119e-01
4.225000000000000000e+01;9.999113396512046004e-01;9.750580628928021687e-01;9.259028311796355659e-01;8.649487727729969766e-01;7.894933724059896019e-01;6.984542934185699048e-01;4.631583356655436523e-01
4.275000000000000000e+01;9.999494640838358928e-01;9.769381201401773351e-01;9.285560325528047221e-01;8.687705484518776222e-01;7.942109004598297828e-01;7.033507609230125190e-01;4.681537950706542439e-01
4.325000000000000000e+01;9.999732954307521959e-01;9.787202670609118638e-01;9.311047490870478782e-01;8.724712136736637591e-01;7.988176492703458198e-01;7.081673705115724138e-01;4.730790082395153195e-01
4.375000000000000000e+01;9.999869036222274188e-01;9.804116322137061967e-01;9.335605143348193469e-01;8.760522707426215971e-01;8.033046189080559341e-01;7.128975849943115506e-01;4.779368248820130560e-01
4.425000000000000000e+01;9.999940292115878648e-01;9.820204238540667374e-01;9.359348223123696853e-01;8.795176337036365588e-01;8.076648787753295533e-01;7.175303669348065405e-01;4.827315227877788106e-01
4.475000000000000000e+01;9.999974640939011117e-01;9.835532839413685391e-01;9.382379929502846494e-01;8.828723764217496495e-01;8.118939587999272067e-01;7.220509056846807772e-01;4.874650196710520467e-01
4.525000000000000000e+01;9.999989943184482977e-01;9.850145392045079884e-01;9.404797762711392117e-01;8.861253162666683503e-01;8.159921789345434551e-01;7.264446351878014463e-01;4.921604876602124756e-01
4.575000000000000000e+01;9.999996266990817118e-01;9.864067099068829503e-01;9.426697339816962895e-01;8.892834174330652708e-01;8.199646648259790727e-01;7.306995900739541305e-01;4.968336073791004281e-01
4.625000000000000000e+01;9.999998699904053545e-01;9.877313538831430373e-01;9.448160421343574367e-01;8.923524459825855626e-01;8.238222007344178088e-01;7.348165933997097277e-01;5.014680855361700607e-01
4.675000000000000000e+01;9.999999574176070549e-01;9.889895656435803151e-01;9.469235540558879061e-01;8.953394472676260429e-01;8.275781191641857770e-01;7.388087697291085831e-01;5.060577060760904633e-01
4.725000000000000000e+01;9.999999868537531311e-01;9.901819086718667284e-01;9.489958877529394154e-01;8.982484535734531761e-01;8.312461452951693808e-01;7.426928423107840294e-01;5.106017858336446835e-01
4.775000000000000000e+01;9.999999961662918713e-01;9.913079916741407427e-01;9.510343691285985113e-01;9.010819207440802225e-01;8.348373715269977735e-01;7.464887773199566645e-01;5.150993184836930583e-01
4.825000000000000000e+01;9.999999989418248969e-01;9.923660933492665093e-01;9.530399063156772543e-01;9.038425746567234631e-01;8.383585776319206762e-01;7.502158246790291418e-01;5.195495242088032928e-01
4.875000000000000000e+01;9.999999997230243354e-01;9.933531420270135248e-01;9.550113723208495387e-01;9.065332544057705944e-01;8.418101941335556226e-01;7.538900384770306218e-01;5.239498297881568512e-01
4.925000000000000000e+01;9.999999999311268706e-01;9.942652197763854893e-01;9.569487436671623160e-01;9.091583409772892033e-01;8.451887786694365357e-01;7.575230207363806700e-01;5.282977262842475374e-01
4.975000000000000000e+01;9.999999999837022591e-01;9.950983249283289478e-01;9.588477113237607874e-01;9.117221171347045239e-01;8.484867258610357954e-01;7.611200170256325892e-01;5.325896772146965219e-01
5.025000000000000000e+01;9.999999999963236075e-01;9.958496354655280713e-01;9.607211861712224854e-01;9.142373618158942117e-01;8.517144904841740249e-01;7.646942481231007172e-01;5.368360180054119191e-01
5.075000000000000000e+01;9.999999999992078559e-01;9.965181455483757000e-01;9.625679919043775845e-01;9.167104516969888373e-01;8.548718300434076101e-01;7.682410252444110688e-01;5.410480080467909847e-01
5.125000000000000000e+01;9.999999999998363531e-01;9.971049932630132728e-01;9.643702875638194838e-01;9.191368466416693916e-01;8.579477333679484952e-01;7.717424160763023400e-01;5.452162897200782954e-01
5.175000000000000000e+01;9.999999999999671374e-01;9.976137661469381968e-01;9.661287210938280801e-01;9.215179144025440472e-01;8.609476593021596624e-01;7.751926424528537973e-01;5.493345076120634829e-01
5.225000000000000000e+01;9.999999999999932276e-01;9.980501230370431021e-01;9.678383008840801827e-01;9.238537227481061764e-01;8.638705707173985893e-01;7.785825741490680629e-01;5.534026047435652851e-01
5.275000000000000000e+01;9.999999999999982236e-01;9.984211357735507386e-01;9.694959703007985929e-01;9.261445738214797441e-01;8.667176864223986588e-01;7.819058618167225028e-01;5.574205213954461779e-01
5.325000000000000000e+01;9.999999999999991118e-01;9.987343271199352612e-01;9.710995274012427236e-01;9.283906928056464558e-01;8.694915274404861893e-01;7.851599361248844389e-01;5.613876637265192704e-01
5.375000000000000000e+01;9.999999999999992228e-01;9.989969517114692943e-01;9.726481527537315097e-01;9.305916700410346021e-01;8.721952625397829673e-01;7.883468819918012516e-01;5.653036822776933423e-01
5.425000000000000000e+01;9.999999999999992228e-01;9.992155411359323613e-01;9.741425562321358589e-01;9.327469663212532014e-01;8.748330694324547574e-01;7.914721098049930514e-01;5.691682461816240934e-01
5.475000000000000000e+01;9.999999999999992228e-01;9.993957554622662220e-01;9.755846914776150625e-01;9.348553876802827567e-01;8.774095475000334154e-01;7.945436983161248135e-01;5.729807690688778488e-01
5.525000000000000000e+01;9.999999999999992228e-01;9.995424815056891399e-01;9.769774899694123604e-01;9.369162691487910033e-01;8.799306465616233419e-01;7.975708407398759414e-01;5.767441540846626191e-01
5.575000000000000000e+01;9.999999999999992228e-01;9.996600473263150821e-01;9.783239344250816982e-01;9.389287974824138683e-01;8.824013185632727518e-01;8.005629793356024981e-01;5.804564600907601291e-01
5.625000000000000000e+01;9.999999999999992228e-01;9.997524492931463280e-01;9.796271190276744090e-01;9.408936953366030531e-01;8.848281573288852009e-01;8.035261640484790968e-01;5.841137988244744506e-01
5.675000000000000000e+01;9.999999999999992228e-01;9.998234835480185323e-01;9.808891398359732561e-01;9.428117652727645570e-01;8.872172315571817958e-01;8.064651401162249433e-01;5.877188222797593564e-01
5.725000000000000000e+01;9.999999999999992228e-01;9.998767917897828372e-01;9.821121860330108699e-01;9.446859646100332908e-01;8.895737679498099126e-01;8.093820435585310502e-01;5.912698924237802522e-01
5.775000000000000000e+01;9.999999999999992228e-01;9.999157902811315335e-01;9.832969928325672182e-01;9.465186009894984709e-01;8.919011593746846156e-01;8.122773034273569337e-01;5.947671677630689269e-01
5.825000000000000000e+01;9.999999999999992228e-01;9.999436017971561341e-01;9.844451045105532261e-01;9.483142543240256073e-01;8.942031558014497117e-01;8.151486365716937854e-01;5.982095025072494687e-01
5.875000000000000000e+01;9.999999999999992228e-01;9.999629277126473870e-01;9.855560349195996439e-01;9.500752997864068128e-01;8.964812485431331579e-01;8.179923486178681813e-01;6.015986009267181300e-01
5.925000000000000000e+01;9.999999999999992228e-01;9.999760521875384889e-01;9.866313234201528060e-01;9.518066069630369830e-01;8.987382898314763002e-01;8.208031766408664387e-01;6.049341307402369416e-01
5.975000000000000000e+01;9.999999999999992228e-01;9.999847169584870077e-01;9.876658267311695383e-01;9.535087737545298037e-01;9.009743179296599846e-01;8.235730402594443333e-01;6.082203322942095758e-01
6.025000000000000000e+01;9.999999999999992228e-01;9.999904322064350204e-01;9.886804204884577230e-01;9.552121364546870552e-01;9.032109172520690343e-01;8.263027569990825105e-01;6.114474501466888867e-01
6.075000000000000000e+01;9.999999999999992228e-01;9.999942132016674812e-01;9.896475474214986301e-01;9.569103624902844940e-01;9.054617410184688797e-01;8.289793788107477912e-01;6.146156861338326616e-01
6.125000000000000000e+01;9.999999999999992228e-01;9.999965828457022532e-01;9.905413598178022250e-01;9.585684428483280950e-01;9.077047352583713646e-01;8.315915430144030784e-01;6.177469450049790645e-01
6.175000000000000000e+01;9.999999999999992228e-01;9.999980503324570336e-01;9.913881023198325426e-01;9.601979214762073056e-01;9.099349013681398146e-01;8.341423750208968313e-01;6.208427538192541340e-01
6.225000000000000000e+01;9.999999999999992228e-01;9.999989139728320264e-01;9.921815777819424920e-01;9.617975651406889259e-01;9.121548855839761716e-01;8.366315986308479058e-01;6.239047290109566157e-01
6.275000000000000000e+01;9.999999999999992228e-01;9.999994090949732017e-01;9.929219699974530799e-01;9.633635564705187448e-01;9.143637121508392251e-01;8.390598582480207623e-01;6.269337358400830507e-01
6.325000000000000000e+01;9.999999999999992228e-01;9.999996847209950968e-01;9.936105960031510476e-01;9.648926317189839841e-01;9.165589711028361286e-01;8.414291171515597689e-01;6.299297063934700125e-01
6.375000000000000000e+01;9.999999999999992228e-01;9.999998347347647254e-01;9.942496720978690750e-01;9.663819846293059124e-01;9.187371915303439440e-01;8.437424185110395936e-01;6.328916223782282691e-01
6.425000000000000000e+01;9.999999999999992228e-01;9.999999147137580424e-01;9.948420463611730158e-01;9.678292913991963786e-01;9.208944532629304014e-01;8.460040894999751870e-01;6.358180534966213493e-01
6.475000000000000000e+01;9.999999999999992228e-01;9.999999566111108518e-01;9.953908407057050489e-01;9.692328320761898208e-01;9.230262312644799128e-01;8.482187682193038647e-01;6.387069911553018287e-01
6.525000000000000000e+01;9.999999999999992228e-01;9.999999782154559425e-01;9.958991432299996172e-01;9.705915103915618847e-01;9.251281624157140504e-01;8.503928213627272026e-01;6.415595119729191609e-01
6.575000000000000000e+01;9.999999999999992228e-01;9.999999891987648715e-01;9.963697407910580006e-01;9.719048845200648490e-01;9.271958060300465876e-01;8.525313319256320188e-01;6.443758172705135179e-01
6.625000000000000000e+01;9.999999999999992228e-01;9.999999947093149988e-01;9.968049357289016088e-01;9.731731342352183400e-01;9.292255704046437081e-01;8.546383372790662403e-01;6.471522415487748203e-01
6.675000000000000000e+01;9.999999999999992228e-01;9.999999974396033275e-01;9.972064648650843521e-01;9.743970616125179340e-01;9.312142203678711594e-01;8.567192805586923976e-01;6.498879843731307782e-01
6.725000000000000000e+01;9.999999999999992228e-01;9.999999987758805275e-01;9.975755235064387438e-01;9.755780395856586962e-01;9.331599395204990266e-01;8.587781845123959590e-01;6.525826818172524302e-01
6.775000000000000000e+01;9.999999999999992228e-01;9.999999994219420651e-01;9.979128792730787012e-01;9.767179593740741295e-01;9.350613842923607422e-01;8.608183722008567740e-01;6.552368901581573368e-01
6.825000000000000000e+01;9.999999999999992228e-01;9.999999997304546140e-01;9.982190462148889942e-01;9.778191418554820213e-01;9.369189345332797902e-01;8.628426020294731602e-01;6.578516001213505771e-01
6.875000000000000000e+01;9.999999999999992228e-01;9.999999998759265818e-01;9.984944830898397905e-01;9.788841403373980121e-01;9.387331014796777007e-01;8.648528898761547179e-01;6.604284476730490905e-01
6.925000000000000000e+01;9.999999999999992228e-01;9.999999999436373077e-01;9.987397790814812604e-01;9.799156995372461099e-01;9.405061395471642216e-01;8.668511262819480478e-01;6.629695446106169676e-01
6.975000000000000000e+01;9.999999999999992228e-01;9.999999999747379853e-01;9.989557984807319047e-01;9.809160671510906981e-01;9.422393362036270981e-01;8.688382176339152219e-01;6.654764642549180209e-01
7.025000000000000000e+01;9.999999999999992228e-01;9.999999999888307123e-01;9.991437658768741459e-01;9.818882879967217869e-01;9.439425495149331713e-01;8.708183068467356680e-01;6.679550686796486003e-01
7.075000000000000000e+01;9.999999999999992228e-01;9.999999999951291185e-01;9.993052882849996488e-01;9.828336494187497330e-01;9.456207886622683967e-01;8.727918822022948664e-01;6.704049491021711882e-01
7.125000000000000000e+01;9.999999999999992228e-01;9.999999999979050092e-01;9.994423195818387118e-01;9.837525481033729813e-01;9.472671163239883008e-01;8.747570794034198460e-01;6.728217925324024851e-01
7.175000000000000000e+01;9.999999999999992228e-01;9.999999999991113775e-01;9.995570837269505127e-01;9.846460016361321399e-01;9.488834356773169221e-01;8.767167952750762883e-01;6.752055664969786042e-01
7.225000000000000000e+01;9.999999999999992228e-01;9.999999999996282973e-01;9.996519726794652616e-01;9.855137391196503449e-01;9.504716169275698734e-01;8.786729601919790467e-01;6.775535118866463646e-01
7.275000000000000000e+01;9.999999999999992228e-01;9.999999999998466782e-01;9.997294396695234342e-01;9.863554143708328503e-01;9.520324777089668178e-01;8.806268458916366448e-01;6.798629949244573423e-01
7.325000000000000000e+01;9.999999999999992228e-01;9.999999999999376055e-01;9.997918984099498640e-01;9.871704736559346882e-01;9.535665356697007322e-01;8.825798632540288180e-01;6.821314879103514972e-01
7.375000000000000000e+01;9.999999999999992228e-01;9.999999999999750200e-01;9.998416425154684761e-01;9.879581709910530973e-01;9.550736558226512463e-01;8.845330733884001484e-01;6.843575446270421248e-01
7.425000000000000000e+01;9.999999999999992228e-01;9.999999999999901190e-01;9.998807836398369009e-01;9.887179286119165411e-01;9.565533512078048251e-01;8.864877864643582184e-01;6.865403539812967582e-01
7.475000000000000000e+01;9.999999999999992228e-01;9.999999999999962252e-01;9.999112164303195494e-01;9.894491372730004342e-01;9.580045336737220696e-01;8.884447149031859947e-01;6.886805404156757238e-01
7.525000000000000000e+01;9.999999999999992228e-01;9.999999999999986677e-01;9.999345982126069954e-01;9.901516110840442586e-01;9.594259455096465494e-01;8.904049321966400754e-01;6.907798975516233897e-01
7.575000000000000000e+01;9.999999999999992228e-01;9.999999999999995559e-01;9.999523516740695950e-01;9.908251186606292782e-01;9.608158519682994392e-01;8.923686479703079044e-01;6.928403041191093514e-01
7.625000000000000000e+01;9.999999999999992228e-01;9.999999999999998890e-01;9.999656708262631977e-01;9.914699882223441119e-01;9.621726531985491659e-01;8.943366010150071155e-01;6.948636539553523228e-01
7.675000000000000000e+01;9.999999999999992228e-01;1.000000000000000000e+00;9.999755453780603265e-01;9.920862873229427947e-01;9.634944182271272251e-01;8.963082757534965861e-01;6.968540335382950035e-01
7.725000000000000000e+01;9.999999999999992228e-01;1.000000000000000000e+00;9.999827760918692521e-01;9.926747397053413691e-01;9.647797787609168063e-01;8.982839347123150464e-01;6.988137981604969351e-01
7.775000000000000000e+01;9.999999999999992228e-01;1.000000000000000000e+00;9.999880084074449504e-01;9.932354413693492701e-01;9.660271018045233360e-01;9.002620263094724962e-01;7.007459488700921169e-01
7.825000000000000000e+01;9.999999999999992228e-01;1.000000000000000000e+00;9.999917454460113264e-01;9.937693392837118056e-01;9.672359197799748065e-01;9.022422038460967686e-01;7.026521253708012393e-01
7.875000000000000000e+01;9.999999999999992228e-01;1.000000000000000000e+00;9.999943847892444060e-01;9.942762563577883794e-01;9.684052788253263433e-01;9.042215873981458429e-01;7.045343745128360702e-01
7.925000000000000000e+01;9.999999999999992228e-01;1.000000000000000000e+00;9.999962230006689268e-01;9.947576263892633497e-01;9.695362626022917540e-01;9.061994253451384207e-01;7.063931868050636886e-01
7.975000000000000000e+01;9.999999999999992228e-01;1.000000000000000000e+00;9.999974907472889418e-01;9.952107139467403218e-01;9.706284776938686187e-01;9.081716678854624414e-01;7.082282974873616022e-01
8.050000000000000000e+01;9.999999999999992228e-01;1.000000000000000000e+00;9.999983547107108572e-01;9.956511257844814500e-01;9.716992179594676760e-01;9.101552528095949723e-01;7.100405653374191051e-01
8.150000000000000000e+01;9.999999999999992228e-01;1.000000000000000000e+00;9.999993175136383528e-01;9.964665359938151834e-01;9.737459932086529601e-01;9.141180662011285651e-01;7.136146518425382501e-01
8.250000000000000000e+01;9.999999999999992228e-01;1.000000000000000000e+00;9.999997242491883709e-01;9.971602244151214212e-01;9.756451801890709818e-01;9.179976698120546619e-01;7.171297729168266688e-01
8.350000000000000000e+01;9.999999999999992228e-01;1.000000000000000000e+00;9.999998976862722877e-01;9.977564763603581355e-01;9.774426794140871344e-01;9.217759166489086775e-01;7.205807731596788335e-01
8.450000000000000000e+01;9.999999999999992228e-01;1.000000000000000000e+00;9.999999633157082846e-01;9.982568252442370893e-01;9.791514766966541439e-01;9.254323126482002504e-01;7.239714350099940576e-01
8.550000000000000000e+01;9.999999999999992228e-01;1.000000000000000000e+00;9.999999876727651005e-01;9.986711905508373066e-01;9.807822431878223668e-01;9.289530731141603104e-01;7.273100018508088516e-01
8.650000000000000000e+01;9.999999999999992228e-01;1.000000000000000000e+00;9.999999960229247753e-01;9.990083152737182504e-01;9.823394515336708599e-01;9.323364606170840840e-01;7.306054960429380074e-01
8.750000000000000000e+01;9.999999999999992228e-01;1.000000000000000000e+00;9.999999987897733034e-01;9.992772728696980300e-01;9.838238115517360383e-01;9.355836224840170523e-01;7.338674359973353933e-01
8.850000000000000000e+01;9.999999999999992228e-01;1.000000000000000000e+00;9.999999996476462982e-01;9.994869466327239715e-01;9.852365133851176404e-01;9.387064063505714540e-01;7.370999837670699772e-01
8.950000000000000000e+01;9.999999999999992228e-01;1.000000000000000000e+00;9.999999999031019549e-01;9.996461084125034535e-01;9.865796932988392109e-01;9.417097486985058774e-01;7.403026211025907077e-01
9.050000000000000000e+01;9.999999999999992228e-01;1.000000000000000000e+00;9.999999999745640133e-01;9.997633419336245941e-01;9.878580273742354478e-01;9.446224320090267357e-01;7.434752885181225013e-01
9.150000000000000000e+01;9.999999999999992228e-01;1.000000000000000000e+00;9.999999999936993733e-01;9.998468704851538602e-01;9.890754702688879796e-01;9.474550401320498416e-01;7.466177856025288939e-01
9.250000000000000000e+01;9.999999999999992228e-01;1.000000000000000000e+00;9.999999999985130783e-01;9.999042902989094816e-01;9.902352372953585613e-01;9.501891702409179796e-01;7.497242631712200955e-01
9.350000000000000000e+01;9.999999999999992228e-01;1.000000000000000000e+00;9.999999999996700417e-01;9.999422951779413093e-01;9.913362567364701894e-01;9.528319544520945650e-01;7.527937963083785045e-01
9.450000000000000000e+01;9.999999999999992228e-01;1.000000000000000000e+00;9.999999999999306111e-01;9.999664773837536602e-01;9.923754360362140314e-01;9.553774605046129187e-01;7.558252450111702103e-01
9.550000000000000000e+01;9.999999999999992228e-01;1.000000000000000000e+00;9.999999999999866773e-01;9.999812523599420633e-01;9.933456155026103573e-01;9.578160673230614597e-01;7.588169070351132861e-01
9.650000000000000000e+01;9.999999999999992228e-01;1.000000000000000000e+00;9.999999999999978906e-01;9.999899140435909439e-01;9.942408085634515391e-01;9.601392026910005040e-01;7.617650594657888741e-01
9.750000000000000000e+01;9.999999999999992228e-01;1.000000000000000000e+00;1.000000000000000000e+00;9.999947825318368233e-01;9.950535596869843902e-01;9.623366568954949685e-01;7.646661826696106168e-01
9.850000000000000000e+01;9.999999999999992228e-01;1.000000000000000000e+00;1.000000000000000444e+00;9.999974066425019181e-01;9.957829134338030963e-01;9.644070820123343823e-01;7.675158675931019747e-01
9.950000000000000000e+01;9.999999999999992228e-01;1.000000000000000000e+00;1.000000000000000444e+00;9.999987582833494981e-01;9.964226954303584405e-01;9.663428737162490512e-01;7.703108381299311747e-01
1.005000000000000000e+02;9.999999999999992228e-01;1.000000000000000000e+00;1.000000000000000444e+00;9.999994314708290366e-01;9.969941196734820599e-01;9.681755502352829001e-01;7.730455197647060350e-01
1.015000000000000000e+02;9.999999999999992228e-01;1.000000000000000000e+00;1.000000000000000444e+00;9.999997499320473215e-01;9.975006703743254377e-01;9.699298056286572711e-01;7.757255996227665484e-01
1.025000000000000000e+02;9.999999999999992228e-01;1.000000000000000000e+00;1.000000000000000444e+00;9.999998891540983204e-01;9.979284509240645695e-01;9.715934826163873383e-01;7.783720620527865286e-01
1.035000000000000000e+02;9.999999999999992228e-01;1.000000000000000000e+00;1.000000000000000444e+00;9.999999540346686810e-01;9.982987135004681711e-01;9.731881908458542840e-01;7.809856509274456515e-01
1.045000000000000000e+02;9.999999999999992228e-01;1.000000000000000000e+00;1.000000000000000444e+00;9.999999812458242321e-01;9.986162915844885024e-01;9.747233235010664965e-01;7.835698043665911827e-01
1.055000000000000000e+02;9.999999999999992228e-01;1.000000000000000000e+00;1.000000000000000444e+00;9.999999926980940312e-01;9.988887426169106298e-01;9.762077253695247148e-01;7.861295973483458654e-01
1.065000000000000000e+02;9.999999999999992228e-01;1.000000000000000000e+00;1.000000000000000444e+00;9.999999972331344855e-01;9.991209855011230490e-01;9.776457323662414156e-01;7.886690799715578848e-01
1.075000000000000000e+02;9.999999999999992228e-01;1.000000000000000000e+00;1.000000000000000444e+00;9.999999989920684840e-01;9.993169149011514873e-01;9.790380821175342918e-01;7.911913469549003430e-01
1.085000000000000000e+02;9.999999999999992228e-01;1.000000000000000000e+00;1.000000000000000444e+00;9.999999996438035943e-01;9.994796805762807823e-01;9.803836650307818923e-01;7.937021844825832284e-01
1.095000000000000000e+02;9.999999999999992228e-01;1.000000000000000000e+00;1.000000000000000444e+00;9.999999998785555899e-01;9.996122542890656382e-01;9.816804145919160174e-01;7.962048458815657037e-01
1.105000000000000000e+02;9.999999999999992228e-01;1.000000000000000000e+00;1.000000000000000444e+00;9.999999999598487843e-01;9.997177475374241507e-01;9.829275462623202619e-01;7.987097099613407192e-01
1.115000000000000000e+02;9.999999999999992228e-01;1.000000000000000000e+00;1.000000000000000444e+00;9.999999999871598266e-01;9.997995397771276549e-01;9.841248872034437101e-01;8.012292741479342117e-01
1.125000000000000000e+02;9.999999999999992228e-01;1.000000000000000000e+00;1.000000000000000444e+00;9.999999999960137442e-01;9.998612126569069725e-01;9.852745332342964790e-01;8.037614003797448614e-01
1.135000000000000000e+02;9.999999999999992228e-01;1.000000000000000000e+00;1.000000000000000444e+00;9.999999999987995158e-01;9.999063843804767426e-01;9.863786273358533530e-01;8.063118466354272096e-01
1.145000000000000000e+02;9.999999999999992228e-01;1.000000000000000000e+00;1.000000000000000444e+00;9.999999999996480593e-01;9.999384983990119435e-01;9.874407430140370590e-01;8.088840769799344743e-01
1.155000000000000000e+02;9.999999999999992228e-01;1.000000000000000000e+00;1.000000000000000444e+00;9.999999999998994138e-01;9.999606542271937126e-01;9.884623020221245948e-01;8.114834835219653097e-01
1.165000000000000000e+02;9.999999999999992228e-01;1.000000000000000000e+00;1.000000000000000444e+00;9.999999999999718003e-01;9.999754847915283129e-01;9.894455501571691736e-01;8.141110556413710952e-01
1.175000000000000000e+02;9.999999999999992228e-01;1.000000000000000000e+00;1.000000000000000444e+00;9.999999999999921174e-01;9.999851195823067362e-01;9.903885088484741805e-01;8.167710821144564814e-01
1.185000000000000000e+02;9.999999999999992228e-01;1.000000000000000000e+00;1.000000000000000444e+00;9.999999999999976685e-01;9.999911984486844485e-01;9.912915503423878061e-01;8.194614067976918603e-01
1.195000000000000000e+02;9.999999999999992228e-01;1.000000000000000000e+00;1.000000000000000444e+00;9.999999999999991118e-01;9.999949088236527173e-01;9.921454671179111839e-01;8.221876374329444292e-01
1.205000000000000000e+02;9.999999999999992228e-01;1.000000000000000000e+00;1.000000000000000444e+00;9.999999999999995559e-01;9.999971422763955786e-01;9.929619875632033077e-01;8.249351686204707823e-01
1.215000000000000000e+02;9.999999999999992228e-01;1.000000000000000000e+00;1.000000000000000444e+00;9.999999999999996669e-01;9.999984449648943174e-01;9.937274611152101533e-01;8.277049993903287106e-01
1.225000000000000000e+02;9.999999999999992228e-01;1.000000000000000000e+00;1.000000000000000444e+00;9.999999999999996669e-01;9.999991685466638192e-01;9.944230031909694345e-01;8.305278075142104033e-01
1.235000000000000000e+02;9.999999999999992228e-01;1.000000000000000000e+00;1.000000000000000444e+00;9.999999999999996669e-01;9.999995743012676241e-01;9.950642692021048896e-01;8.333921003152561235e-01
1.245000000000000000e+02;9.999999999999992228e-01;1.000000000000000000e+00;1.000000000000000444e+00;9.999999999999996669e-01;9.999997868086902830e-01;9.956446575361660445e-01;8.362999472978597248e-01
1.255000000000000000e+02;9.999999999999992228e-01;1.000000000000000000e+00;1.000000000000000444e+00;9.999999999999996669e-01;9.999998963905137872e-01;9.961658469923033721e-01;8.392480749129330730e-01
1.265000000000000000e+02;9.999999999999992228e-01;1.000000000000000000e+00;1.000000000000000444e+00;9.999999999999996669e-01;9.999999508837659201e-01;9.966306768497783519e-01;8.422347679679048627e-01
1.275000000000000000e+02;9.999999999999992228e-01;1.000000000000000000e+00;1.000000000000000444e+00;9.999999999999996669e-01;9.999999773256276203e-01;9.970438634047787962e-01;8.452566185449799097e-01
1.285000000000000000e+02;9.999999999999992228e-01;1.000000000000000000e+00;1.000000000000000444e+00;9.999999999999996669e-01;9.999999897879204847e-01;9.974111486490186973e-01;8.483111200207995584e-01
1.295000000000000000e+02;9.999999999999992228e-01;1.000000000000000000e+00;1.000000000000000444e+00;9.999999999999996669e-01;9.999999955131557705e-01;9.977384745458297566e-01;8.513927101171681056e-01
1.305000000000000000e+02;9.999999999999992228e-01;1.000000000000000000e+00;1.000000000000000444e+00;9.999999999999996669e-01;9.999999980750030604e-01;9.980315349191952734e-01;8.545016677327056387e-01
1.315000000000000000e+02;9.999999999999992228e-01;1.000000000000000000e+00;1.000000000000000444e+00;9.999999999999996669e-01;9.999999991932543297e-01;9.982950854110833605e-01;8.576358417475241636e-01
1.325000000000000000e+02;9.999999999999992228e-01;1.000000000000000000e+00;1.000000000000000444e+00;9.999999999999996669e-01;9.999999996695242421e-01;9.985329934986983957e-01;8.607852419196103666e-01
1.335000000000000000e+02;9.999999999999992228e-01;1.000000000000000000e+00;1.000000000000000444e+00;9.999999999999996669e-01;9.999999998676247781e-01;9.987478570446612913e-01;8.639469002218437277e-01
1.345000000000000000e+02;9.999999999999992228e-01;1.000000000000000000e+00;1.000000000000000444e+00;9.999999999999996669e-01;9.999999999481291590e-01;9.989415790714323284e-01;8.671168928033694545e-01
1.355000000000000000e+02;9.999999999999992228e-01;1.000000000000000000e+00;1.000000000000000444e+00;9.999999999999996669e-01;9.999999999801109096e-01;9.991150745547673351e-01;8.702894435304636689e-01
1.365000000000000000e+02;9.999999999999992228e-01;1.000000000000000000e+00;1.000000000000000444e+00;9.999999999999996669e-01;9.999999999925357486e-01;9.992692282934444448e-01;8.734606023689241994e-01
1.375000000000000000e+02;9.999999999999992228e-01;1.000000000000000000e+00;1.000000000000000444e+00;9.999999999999996669e-01;9.999999999972573050e-01;9.994042814480964543e-01;8.766242414961223917e-01
1.385000000000000000e+02;9.999999999999992228e-01;1.000000000000000000e+00;1.000000000000000444e+00;9.999999999999996669e-01;9.999999999990132338e-01;9.995213055534909463e-01;8.797767181483516774e-01
1.395000000000000000e+02;9.999999999999992228e-01;1.000000000000000000e+00;1.000000000000000444e+00;9.999999999999996669e-01;9.999999999996512789e-01;9.996200154526126980e-01;8.829049642811499510e-01
1.405000000000000000e+02;9.999999999999992228e-01;1.000000000000000000e+00;1.000000000000000444e+00;9.999999999999996669e-01;9.999999999998805400e-01;9.997044401445723816e-01;8.860178670955750624e-01
1.415000000000000000e+02;9.999999999999992228e-01;1.000000000000000000e+00;1.000000000000000444e+00;9.999999999999996669e-01;9.999999999999630296e-01;9.997752958349671593e-01;8.891174866581198488e-01
1.425000000000000000e+02;9.999999999999992228e-01;1.000000000000000000e+00;1.000000000000000444e+00;9.999999999999996669e-01;9.999999999999888978e-01;9.998311104685819739e-01;8.921913705230141156e-01
1.435000000000000000e+02;9.999999999999992228e-01;1.000000000000000000e+00;1.000000000000000444e+00;9.999999999999996669e-01;9.999999999999965583e-01;9.998758977057790043e-01;8.952433177684268051e-01
1.445000000000000000e+02;9.999999999999992228e-01;1.000000000000000000e+00;1.000000000000000444e+00;9.999999999999996669e-01;9.999999999999987788e-01;9.999104457221338338e-01;8.982687702848292099e-01
1.455000000000000000e+02;9.999999999999992228e-01;1.000000000000000000e+00;1.000000000000000444e+00;9.999999999999996669e-01;9.999999999999994449e-01;9.999366373889002624e-01;9.012629877893516550e-01
1.465000000000000000e+02;9.999999999999992228e-01;1.000000000000000000e+00;1.000000000000000444e+00;9.999999999999996669e-01;9.999999999999995559e-01;9.999560334990201804e-01;9.042235043638157110e-01
1.475000000000000000e+02;9.999999999999992228e-01;1.000000000000000000e+00;1.000000000000000444e+00;9.999999999999996669e-01;9.999999999999995559e-01;9.999700934380474360e-01;9.071452770993780890e-01
1.485000000000000000e+02;9.999999999999992228e-01;1.000000000000000000e+00;1.000000000000000444e+00;9.999999999999996669e-01;9.999999999999995559e-01;9.999800625342546434e-01;9.100263848906686714e-01
1.495000000000000000e+02;9.999999999999992228e-01;1.000000000000000000e+00;1.000000000000000444e+00;9.999999999999996669e-01;9.999999999999995559e-01;9.999869771126658202e-01;9.128594702268524319e-01
1.505000000000000000e+02;9.999999999999992228e-01;1.000000000000000000e+00;1.000000000000000444e+00;9.999999999999996669e-01;9.999999999999995559e-01;9.999916676109709135e-01;9.156505647343798904e-01
1.515000000000000000e+02;9.999999999999992228e-01;1.000000000000000000e+00;1.000000000000000444e+00;9.999999999999996669e-01;9.999999999999995559e-01;9.999947790499572609e-01;9.183977751605237883e-01
1.525000000000000000e+02;9.999999999999992228e-01;1.000000000000000000e+00;1.000000000000000444e+00;9.999999999999996669e-01;9.999999999999995559e-01;9.999967970705155862e-01;9.210868959295003267e-01
1.535000000000000000e+02;9.999999999999992228e-01;1.000000000000000000e+00;1.000000000000000444e+00;9.999999999999996669e-01;9.999999999999995559e-01;9.999980766154227263e-01;9.237182352771672322e-01
1.545000000000000000e+02;9.999999999999992228e-01;1.000000000000000000e+00;1.000000000000000444e+00;9.999999999999996669e-01;9.999999999999995559e-01;9.999988696542171374e-01;9.262908867699308768e-01
1.555000000000000000e+02;9.999999999999992228e-01;1.000000000000000000e+00;1.000000000000000444e+00;9.999999999999996669e-01;9.999999999999995559e-01;9.999993500491314302e-01;9.288022363511441171e-01
1.565000000000000000e+02;9.999999999999992228e-01;1.000000000000000000e+00;1.000000000000000444e+00;9.999999999999996669e-01;9.999999999999995559e-01;9.999996344481215660e-01;9.312540109350999629e-01
1.575000000000000000e+02;9.999999999999992228e-01;1.000000000000000000e+00;1.000000000000000444e+00;9.999999999999996669e-01;9.999999999999995559e-01;9.999997989892338568e-01;9.336435630754018611e-01
1.585000000000000000e+02;9.999999999999992228e-01;1.000000000000000000e+00;1.000000000000000444e+00;9.999999999999996669e-01;9.999999999999995559e-01;9.999998920491530718e-01;9.359745431094642631e-01
1.595000000000000000e+02;9.999999999999992228e-01;1.000000000000000000e+00;1.000000000000000444e+00;9.999999999999996669e-01;9.999999999999995559e-01;9.999999434954206512e-01;9.382385987539098027e-01
1.605000000000000000e+02;9.999999999999992228e-01;1.000000000000000000e+00;1.000000000000000444e+00;9.999999999999996669e-01;9.999999999999995559e-01;9.999999713970842974e-01;9.404594269218787828e-01
1.615000000000000000e+02;9.999999999999992228e-01;1.000000000000000000e+00;1.000000000000000444e+00;9.999999999999996669e-01;9.999999999999995559e-01;9.999999857607854148e-01;9.426415805860848263e-01
1.625000000000000000e+02;9.999999999999992228e-01;1.000000000000000000e+00;1.000000000000000444e+00;9.999999999999996669e-01;9.999999999999995559e-01;9.999999928665461724e-01;9.447551519529336916e-01
1.635000000000000000e+02;9.999999999999992228e-01;1.000000000000000000e+00;1.000000000000000444e+00;9.999999999999996669e-01;9.999999999999995559e-01;9.999999965745285380e-01;9.468135011581446658e-01
1.645000000000000000e+02;9.999999999999992228e-01;1.000000000000000000e+00;1.000000000000000444e+00;9.999999999999996669e-01;9.999999999999995559e-01;9.999999983755850641e-01;9.488135402237735105e-01
1.655000000000000000e+02;9.999999999999992228e-01;1.000000000000000000e+00;1.000000000000000444e+00;9.999999999999996669e-01;9.999999999999995559e-01;9.999999992501672486e-01;9.507562760864014528e-01
1.665000000000000000e+02;9.999999999999992228e-01;1.000000000000000000e+00;1.000000000000000444e+00;9.999999999999996669e-01;9.999999999999995559e-01;9.999999996603081698e-01;9.526432994115245911e-01
1.675000000000000000e+02;9.999999999999992228e-01;1.000000000000000000e+00;1.000000000000000444e+00;9.999999999999996669e-01;9.999999999999995559e-01;9.999999998496186260e-01;9.544761542632261841e-01
1.685000000000000000e+02;9.999999999999992228e-01;1.000000000000000000e+00;1.000000000000000444e+00;9.999999999999996669e-01;9.999999999999995559e-01;9.999999999347854995e-01;9.562576753543550190e-01
1.695000000000000000e+02;9.999999999999992228e-01;1.000000000000000000e+00;1.000000000000000444e+00;9.999999999999996669e-01;9.999999999999995559e-01;9.999999999723365729e-01;9.579896390011172214e-01
1.705000000000000000e+02;9.999999999999992228e-01;1.000000000000000000e+00;1.000000000000000444e+00;9.999999999999996669e-01;9.999999999999995559e-01;9.999999999885128554e-01;9.596766612261902196e-01
1.715000000000000000e+02;9.999999999999992228e-01;1.000000000000000000e+00;1.000000000000000444e+00;9.999999999999996669e-01;9.999999999999995559e-01;9.999999999953330665e-01;9.613211369047431898e-01
1.725000000000000000e+02;9.999999999999992228e-01;1.000000000000000000e+00;1.000000000000000444e+00;9.999999999999996669e-01;9.999999999999995559e-01;9.999999999981443732e-01;9.629253733090499257e-01
1.735000000000000000e+02;9.999999999999992228e-01;1.000000000000000000e+00;1.000000000000000444e+00;9.999999999999996669e-01;9.999999999999995559e-01;9.999999999992780220e-01;9.644938180070650180e-01
1.745000000000000000e+02;9.999999999999992228e-01;1.000000000000000000e+00;1.000000000000000444e+00;9.999999999999996669e-01;9.999999999999995559e-01;9.999999999997249978e-01;9.660300771820203858e-01
1.755000000000000000e+02;9.999999999999992228e-01;1.000000000000000000e+00;1.000000000000000444e+00;9.999999999999996669e-01;9.999999999999995559e-01;9.999999999998973044e-01;9.675369432440233952e-01
1.765000000000000000e+02;9.999999999999992228e-01;1.000000000000000000e+00;1.000000000000000444e+00;9.999999999999996669e-01;9.999999999999995559e-01;9.999999999999622524e-01;9.690181766693530818e-01
1.775000000000000000e+02;9.999999999999992228e-01;1.000000000000000000e+00;1.000000000000000444e+00;9.999999999999996669e-01;9.999999999999995559e-01;9.999999999999862332e-01;9.704757001465621480e-01
1.785000000000000000e+02;9.999999999999992228e-01;1.000000000000000000e+00;1.000000000000000444e+00;9.999999999999996669e-01;9.999999999999995559e-01;9.999999999999948930e-01;9.719133250086292586e-01
1.795000000000000000e+02;9.999999999999992228e-01;1.000000000000000000e+00;1.000000000000000444e+00;9.999999999999996669e-01;9.999999999999995559e-01;9.999999999999978906e-01;9.733296128555855020e-01
1.805000000000000000e+02;9.999999999999992228e-01;1.000000000000000000e+00;1.000000000000000444e+00;9.999999999999996669e-01;9.999999999999995559e-01;9.999999999999990008e-01;9.747381665409861062e-01
1.815000000000000000e+02;9.999999999999992228e-01;1.000000000000000000e+00;1.000000000000000444e+00;9.999999999999996669e-01;9.999999999999995559e-01;9.999999999999993339e-01;9.761466153520697020e-01
1.825000000000000000e+02;9.999999999999992228e-01;1.000000000000000000e+00;1.000000000000000444e+00;9.999999999999996669e-01;9.999999999999995559e-01;9.999999999999994449e-01;9.775396707659957940e-01
1.835000000000000000e+02;9.999999999999992228e-01;1.000000000000000000e+00;1.000000000000000444e+00;9.999999999999996669e-01;9.999999999999995559e-01;9.999999999999994449e-01;9.789191943805264362e-01
1.845000000000000000e+02;9.999999999999992228e-01;1.000000000000000000e+00;1.000000000000000444e+00;9.999999999999996669e-01;9.999999999999995559e-01;9.999999999999994449e-01;9.802843334677929787e-01
1.855000000000000000e+02;9.999999999999992228e-01;1.000000000000000000e+00;1.000000000000000444e+00;9.999999999999996669e-01;9.999999999999995559e-01;9.999999999999994449e-01;9.816345165273006046e-01
1.865000000000000000e+02;9.999999999999992228e-01;1.000000000000000000e+00;1.000000000000000444e+00;9.999999999999996669e-01;9.999999999999995559e-01;9.999999999999994449e-01;9.829692371264635575e-01
1.875000000000000000e+02;9.999999999999992228e-01;1.000000000000000000e+00;1.000000000000000444e+00;9.999999999999996669e-01;9.999999999999995559e-01;9.999999999999994449e-01;9.842880381560680236e-01
1.885000000000000000e+02;9.999999999999992228e-01;1.000000000000000000e+00;1.000000000000000444e+00;9.999999999999996669e-01;9.999999999999995559e-01;9.999999999999994449e-01;9.855905756496812220e-01
1.895000000000000000e+02;9.999999999999992228e-01;1.000000000000000000e+00;1.000000000000000444e+00;9.999999999999996669e-01;9.999999999999995559e-01;9.999999999999994449e-01;9.868766435090929878e-01
1.905000000000000000e+02;9.999999999999992228e-01;1.000000000000000000e+00;1.000000000000000444e+00;9.999999999999996669e-01;9.999999999999995559e-01;9.999999999999994449e-01;9.881462404727135995e-01
1.915000000000000000e+02;9.999999999999992228e-01;1.000000000000000000e+00;1.000000000000000444e+00;9.999999999999996669e-01;9.999999999999995559e-01;9.999999999999994449e-01;9.893994223857495163e-01
1.925000000000000000e+02;9.999999999999992228e-01;1.000000000000000000e+00;1.000000000000000444e+00;9.999999999999996669e-01;9.999999999999995559e-01;9.999999999999994449e-01;9.906365296270172038e-01
1.935000000000000000e+02;9.999999999999992228e-01;1.000000000000000000e+00;1.000000000000000444e+00;9.999999999999996669e-01;9.999999999999995559e-01;9.999999999999994449e-01;9.918580073678153752e-01
1.945000000000000000e+02;9.999999999999992228e-01;1.000000000000000000e+00;1.000000000000000444e+00;9.999999999999996669e-01;9.999999999999995559e-01;9.999999999999994449e-01;9.930642703206796762e-01
1.955000000000000000e+02;9.999999999999992228e-01;1.000000000000000000e+00;1.000000000000000444e+00;9.999999999999996669e-01;9.999999999999995559e-01;9.999999999999994449e-01;9.942557282367151528e-01
1.965000000000000000e+02;9.999999999999992228e-01;1.000000000000000000e+00;1.000000000000000444e+00;9.999999999999996669e-01;9.999999999999995559e-01;9.999999999999994449e-01;9.954327691950614065e-01
1.975000000000000000e+02;9.999999999999992228e-01;1.000000000000000000e+00;1.000000000000000444e+00;9.999999999999996669e-01;9.999999999999995559e-01;9.999999999999994449e-01;9.965956392833710265e-01
1.985000000000000000e+02;9.999999999999992228e-01;1.000000000000000000e+00;1.000000000000000444e+00;9.999999999999996669e-01;9.999999999999995559e-01;9.999999999999994449e-01;9.977445106736707592e-01
1.995000000000000000e+02;9.999999999999992228e-01;1.000000000000000000e+00;1.000000000000000444e+00;9.999999999999996669e-01;9.999999999999995559e-01;9.999999999999994449e-01;9.988792852428652891e-01
2.002500000000000000e+02;9.999999999999992228e-01;1.000000000000000000e+00;1.000000000000000444e+00;9.999999999999996669e-01;9.999999999999995559e-01;9.999999999999994449e-01;9.999999999999993339e-01
